10000
64 5355
65 5925
38 2119
77 3943
26 290
47 9976
7 2970
29 8818
35 8101
83 4480
94 3046
61 8413
27 2982
13 2815
29 8730
55 6236
64 869
32 4233
53 8294
19 9724
99 6428
74 6528
16 7229
47 5177
44 3590
58 3366
51 7576
14 8713
99 5981
4 6438
40 6402
54 7022
89 1935
45 5042
26 9358
37 1368
88 8912
33 1064
78 3856
21 6287
52 2257
23 9958
16 1563
55 2804
41 6362
93 4934
40 8912
69 8827
75 2053
24 1847
14 8306
41 6487
33 1265
22 8884
97 1575
56 3154
35 304
50 7186
31 7389
92 5764
18 9881
32 6497
35 4541
48 1363
60 1400
79 3114
76 5890
90 4843
98 2505
10 8643
62 4932
58 2553
48 6143
57 6814
17 1441
21 534
66 6497
100 7644
40 7319
79 7151
81 5014
75 5422
59 7191
5 6286
34 1122
76 5571
32 6410
75 5661
29 4221
15 6374
75 574
95 7705
39 7207
54 3700
12 3014
21 7557
20 5882
49 7522
18 1662
7 4193
30 1414
31 128
16 4918
92 8343
21 3059
31 658
66 1509
9 6890
93 3396
58 5720
39 4755
34 6065
34 8872
35 7832
24 9313
6 2210
41 3460
12 7973
99 5242
84 1210
40 7511
17 8534
45 2536
27 5300
69 5435
86 4129
99 7630
98 5039
82 2208
85 6153
10 234
65 5672
44 8900
19 7643
22 5452
61 6158
44 5630
41 5847
43 9280
23 7910
46 5273
83 2968
75 9543
25 716
25 9438
74 7603
28 7531
97 708
32 4008
100 5112
26 1587
97 4491
11 6486
59 3736
43 9824
2 4975
10 3276
8 9879
89 1158
49 7433
93 753
37 409
45 9849
18 8858
60 6949
66 4975
53 6532
73 3603
47 1398
35 7856
19 9355
23 5035
99 9475
85 5118
79 4603
65 8780
83 6492
25 9717
57 5878
13 2167
98 6401
7 7709
71 1511
37 6016
53 1705
71 1313
49 4155
35 9034
37 4611
66 6904
65 7286
43 1173
47 5325
61 8332
18 8291
2 3934
65 7300
33 7284
32 5881
12 6168
61 982
41 8228
44 8902
36 4171
64 4016
91 279
11 4979
4 2996
97 4521
75 236
95 2887
64 203
7 5617
55 8684
89 9189
49 3518
43 4024
6 7599
26 3929
9 8963
63 2467
100 7777
25 1327
73 3149
98 8519
45 2595
27 6350
41 9799
30 3791
92 4855
20 5717
94 5551
64 2169
16 7291
89 6055
11 4288
29 5219
44 8730
36 7482
32 6452
51 8064
8 1541
53 6018
82 6045
73 8801
92 3968
47 889
74 1707
61 7942
59 3068
57 1414
99 2416
13 1796
88 1217
58 2243
91 482
77 1970
45 4499
27 3833
18 8189
16 9814
86 621
70 330
4 1793
50 8695
82 2914
53 907
55 3322
16 3946
13 9289
100 8180
79 5002
49 6121
64 3160
56 9062
20 9632
11 4604
22 7966
32 2198
27 3321
89 1195
34 1811
36 619
61 5179
83 7898
16 7836
43 7944
43 5490
49 5282
20 1107
54 545
14 4616
70 9131
64 1714
76 2848
26 5110
64 7602
30 7937
86 6327
53 2907
23 8170
89 4276
88 8229
48 8273
61 3733
20 3890
85 1412
7 8717
46 293
33 6001
30 5895
54 2254
17 6025
66 5134
48 5158
31 8061
3 8250
36 4564
43 7769
93 3124
59 265
19 2724
91 9445
37 5821
23 4865
48 1671
28 94
52 3092
67 4249
2 8029
77 9707
58 8069
58 2938
65 7343
75 9436
24 4553
45 4158
47 5825
60 4246
40 8100
3 9042
65 328
30 221
90 3078
95 6003
19 686
53 8311
87 955
32 6073
60 4813
52 9662
69 2277
24 8876
32 633
46 8832
73 1007
37 896
91 723
10 7881
11 9212
47 6069
28 9377
9 3808
10 5807
99 3849
70 1859
32 7137
100 9519
73 1995
64 3328
58 6563
88 5911
99 9712
72 7414
50 1453
36 6810
60 5815
78 3435
26 7381
49 2427
83 5131
3 4699
71 3328
25 5104
81 977
57 8511
19 6930
3 9234
57 2134
86 6179
60 8736
95 4592
73 6526
48 2059
4 4051
35 6121
70 1587
98 1868
28 5158
69 8420
34 8128
53 2602
83 904
93 8983
44 4907
6 4141
71 4610
94 9454
23 627
55 3124
50 3885
24 232
28 1772
33 4525
80 5212
95 6864
94 6033
84 3638
71 7650
37 3457
45 3112
60 179
43 468
93 1703
25 2406
89 4243
65 2812
14 8125
83 3182
67 3051
30 2137
23 2334
51 3185
41 795
20 7953
55 5349
100 7176
50 237
85 6766
52 7879
7 838
74 3566
28 4170
31 8572
58 2830
51 8431
12 6596
20 9502
75 9995
67 8580
29 9033
30 7484
96 1449
68 3461
41 9634
3 589
80 2529
26 2969
16 9737
41 9610
37 5753
23 1364
58 9221
56 384
68 2521
69 5436
52 9922
56 2658
27 7143
12 5844
94 8971
54 1674
99 605
38 3820
16 1981
91 513
76 6013
11 3072
35 6036
27 7086
72 389
73 5455
90 6558
70 6067
82 8785
76 7924
60 7080
27 4705
97 917
36 6529
36 1514
42 2019
77 3082
58 2504
30 7578
13 1679
98 9587
35 3807
31 7468
18 6939
67 3561
23 7772
70 4362
64 3998
20 124
58 8086
72 2540
56 7593
92 6160
19 2206
72 8458
4 2629
96 6463
36 6459
20 7164
91 9355
27 8919
79 320
68 8296
49 8044
24 7762
83 1598
62 5419
88 8377
88 4104
51 6985
17 7897
23 2487
70 5798
17 9180
21 9456
48 9184
23 4081
52 2012
14 9849
91 6619
24 4575
61 4794
43 5133
21 7580
4 8860
98 1160
41 3022
99 9060
35 5662
38 3874
17 5901
63 8490
20 3749
39 2459
91 4612
73 5882
37 4826
4 6220
2 1742
44 6040
75 7148
60 2602
9 5154
52 649
27 8475
3 8351
19 7571
80 4976
34 9553
54 5514
79 2619
75 390
24 6813
72 2839
43 4969
44 4618
77 2393
60 8132
11 3027
100 3722
76 9664
18 1200
2 2719
80 6047
40 4556
98 5270
22 6733
43 7052
67 8133
65 5285
64 3223
47 1376
95 7314
30 8750
80 3861
48 2962
80 1189
22 808
72 8180
19 4331
68 1747
63 8626
52 783
23 5429
70 3059
3 7263
71 3818
3 6200
13 9989
20 9332
97 6860
39 895
88 7350
53 3942
12 2774
10 6014
73 6615
41 4804
13 1870
99 1288
9 8873
2 28
82 4637
72 2625
15 2507
76 2715
34 3424
34 828
57 9006
17 8712
100 4842
69 5161
63 4872
76 7937
59 4112
56 6964
11 7905
72 7525
32 365
45 9453
13 4922
39 7154
17 299
84 6644
98 1534
93 6516
70 5591
82 4110
35 9711
22 1686
62 2131
100 4160
28 4563
66 4049
82 7631
64 4463
9 6827
25 3203
6 5716
15 2540
26 3851
80 7334
36 4357
29 5498
95 9025
92 3406
16 6685
52 7094
44 4108
17 9799
89 4562
29 2681
62 7520
91 7787
13 6015
92 366
59 4693
19 2299
75 1806
47 2215
7 988
72 2576
28 7750
95 6580
8 1189
50 8013
9 5598
95 4953
95 6690
5 7241
90 1595
27 1288
85 4235
74 2777
44 7732
16 612
4 5071
34 3710
35 1257
12 545
15 8522
6 898
87 6250
85 8015
7 8583
83 653
100 4738
45 9908
64 1997
14 6206
22 8117
55 7413
16 539
4 7705
8 3442
38 5972
59 1745
89 6686
62 4871
92 811
42 8185
54 7831
36 235
56 5353
100 3836
44 8252
85 9093
54 8981
8 4704
71 9647
13 5753
99 7099
87 4130
68 1277
14 6059
34 9638
85 4313
94 1433
57 4121
12 3520
65 4110
53 5984
38 9491
8 2594
98 8327
60 4025
77 3517
28 8737
63 3342
69 2415
55 8787
56 1381
47 876
61 9766
25 4675
94 632
7 766
46 738
16 684
56 762
52 5105
84 7347
61 8590
29 6975
39 8084
80 9466
60 4869
49 6894
72 5697
35 8884
7 5370
60 1339
30 2874
21 323
29 6696
89 7574
28 5672
11 5920
22 3511
64 9684
19 6372
89 4215
66 9965
81 6347
65 7404
44 3628
49 2507
27 1655
56 7560
48 1903
77 5014
9 7879
79 1820
60 8734
10 485
90 4062
76 6184
56 8326
16 4239
85 1412
14 4339
90 8123
81 1716
73 9524
66 5766
3 1731
36 7198
75 9878
30 8931
32 2007
35 6675
6 540
49 7949
100 667
45 775
53 9849
65 3618
24 8266
53 9000
27 6521
66 8215
59 400
51 595
81 7538
7 1941
84 2925
98 6385
62 7105
53 4153
87 3084
85 8332
67 8839
51 1175
93 6564
4 2141
95 969
52 9193
7 4493
95 6935
42 7966
69 1254
28 3624
96 4823
100 2895
33 9526
16 933
33 1002
36 9118
98 4916
64 5188
100 9906
85 3170
51 3780
22 7536
19 9847
63 4789
96 8336
40 8687
44 9883
29 7233
47 2569
82 6426
2 7777
46 9122
84 2277
15 8167
38 4364
94 7256
51 4944
4 1127
85 3281
63 2613
80 4332
42 6776
83 8111
44 5528
61 6977
43 6175
23 2896
45 9298
12 7856
16 3535
12 4924
98 1987
70 4022
41 6241
100 2069
60 5928
74 3758
15 8584
6 1652
21 899
75 2039
100 1943
86 1040
4 7590
63 4933
95 9563
100 6921
6 9667
20 6732
48 4566
21 1784
47 191
59 2981
61 7931
15 3061
63 4870
57 7077
45 5340
5 5634
75 3859
57 9733
88 2384
38 2826
58 486
74 4428
83 1111
84 5680
100 6641
10 5254
24 9068
75 7668
64 1654
71 3438
65 4132
37 6583
38 2476
100 3321
80 5883
87 3573
66 1090
4 9763
9 3301
38 384
3 3849
29 9252
21 3556
50 8258
34 6876
2 8817
15 5798
70 4531
38 7902
49 787
49 8530
58 8687
85 1123
65 2661
71 7429
14 7652
63 3834
41 8210
20 1926
53 8587
67 1463
12 5789
76 7704
66 4963
78 6494
90 4437
66 6637
22 3699
41 208
78 3132
24 3947
93 9498
20 8434
18 9245
17 5160
91 3867
97 7659
94 748
12 2768
25 4168
52 5690
10 5328
33 438
82 3225
33 1702
31 968
66 9547
89 1716
58 7746
8 1413
26 7730
87 7856
47 1076
57 462
25 9289
22 6419
47 5114
86 225
87 5091
48 5996
93 7213
98 6124
73 4401
35 2803
21 5409
36 5302
29 8384
36 2549
73 6751
8 3980
53 7135
82 3443
71 6788
76 8668
92 6630
79 2736
25 2488
3 3841
40 6211
31 2334
6 387
58 8907
80 5573
81 5220
39 734
18 322
6 2055
60 1761
86 9534
77 7559
57 5152
98 2615
32 4585
83 5708
26 8682
99 848
16 7675
94 2317
62 8323
81 7275
42 9556
71 3033
100 3907
68 5756
72 4941
32 2157
79 7157
12 9097
26 7181
81 8642
6 942
85 9316
43 9133
59 8066
67 3981
80 5403
56 5598
30 1907
9 7599
43 1089
9 5288
75 7191
6 825
33 9481
78 8394
5 6811
78 2278
60 1495
41 6453
98 3743
32 1365
77 2694
91 5758
90 3960
9 7120
36 2508
38 461
61 363
71 5449
12 3918
55 5569
98 3734
42 5459
38 6017
19 8965
93 8885
51 6825
79 5135
98 9413
33 1965
54 4562
29 171
44 4620
91 8047
70 9624
35 698
54 8333
9 6019
100 2546
86 5348
28 1866
95 2965
36 3741
50 9238
89 7196
52 1301
94 5697
91 2361
24 5214
100 4734
78 597
45 4659
17 5388
59 8709
44 5693
60 1469
54 5272
27 8785
65 5049
60 2406
79 2611
20 7138
46 403
6 1808
25 1194
90 5719
3 7980
43 4104
35 5225
50 1498
84 8490
61 4169
69 2555
11 9803
77 1119
49 7449
9 1305
22 8059
55 3870
45 7230
91 5669
6 8727
13 4597
84 1244
83 9346
77 2890
86 3369
23 8580
71 233
99 833
54 7434
45 8794
68 7682
80 1897
97 397
71 6625
33 5202
4 557
12 7937
8 7861
91 8091
79 190
66 6266
61 2671
12 4141
19 1269
46 7124
63 4071
29 3222
9 3301
69 8370
69 2499
86 6867
91 1064
73 5942
56 6375
63 9670
70 5701
50 2349
86 5615
64 9297
14 5183
58 2941
9 5711
97 6324
70 9421
91 5964
34 5462
69 6019
33 5228
69 2478
82 8399
82 6448
11 2074
27 7825
22 4519
15 3462
25 9881
52 9220
38 6943
84 9338
12 376
2 5177
23 3490
71 6533
81 1377
5 6874
98 9715
53 1051
63 4611
31 1253
87 8266
32 7867
15 9858
80 8899
26 5481
83 2086
67 2343
22 6816
12 5460
41 6041
68 8313
59 2333
24 8786
27 1093
81 7956
34 2258
78 2862
32 4689
86 1407
83 5194
5 5838
63 5056
36 2624
64 2021
24 9218
99 9673
100 2077
90 8734
81 229
81 2457
24 2460
100 9377
88 6187
57 9245
54 4539
80 2104
80 2508
92 7786
73 3819
14 4213
42 1805
66 7347
40 646
55 2897
76 9507
57 4739
51 6554
69 8883
9 4643
39 2099
66 1098
68 5824
69 6739
63 3728
71 8812
88 6991
47 5844
73 535
67 2048
86 5101
76 7716
61 1996
4 9032
82 7117
62 8623
59 4204
99 1252
8 9314
53 596
17 146
81 358
9 6535
88 6887
39 6456
38 6409
100 8818
81 1107
71 2388
81 9808
84 6090
3 7379
64 4568
18 3491
26 1601
48 3393
52 2202
60 4716
76 6577
70 1379
22 9231
71 5704
37 9689
68 4764
11 2449
43 6672
79 3169
100 732
57 4243
35 2604
66 440
65 9964
78 2905
66 7011
5 7049
19 2822
94 5696
35 5998
47 5327
33 6410
24 5062
83 7423
93 2893
41 5354
26 1522
50 1432
79 3960
41 3593
34 6384
91 8344
85 8230
3 1116
97 8185
16 9906
88 9422
26 8060
59 3136
39 6563
59 9818
58 4646
58 163
23 5253
73 8683
16 3778
21 2597
82 3545
29 6213
21 5247
90 8390
78 7390
8 8273
7 7731
33 4251
25 2968
19 1294
84 1111
46 8787
85 5975
58 7244
82 770
77 8495
57 3684
83 9076
72 1806
81 5550
43 2559
76 2173
81 2808
51 1445
51 2909
28 7310
55 9200
18 8701
83 7323
31 3997
16 7492
90 4212
79 9995
73 7611
86 5789
6 7494
11 827
30 4621
68 5897
74 9947
89 3281
6 5153
51 9288
8 5035
52 9983
84 4950
42 4261
99 5653
17 1338
58 3327
30 4928
36 1242
77 4307
43 396
16 2183
7 6276
29 5630
100 1176
86 8997
6 7824
15 3268
89 815
46 1113
9 1796
71 6667
25 4485
49 2091
45 1863
60 7677
26 6408
36 6786
57 6299
85 4812
78 8057
74 7518
59 7846
95 8610
32 6492
59 438
100 9979
85 1555
64 6039
70 6582
80 9604
93 1130
7 175
17 4795
14 674
86 577
7 6293
64 3452
56 6360
71 1587
33 385
71 754
62 5896
21 4766
38 9179
45 8661
74 8504
81 2805
2 173
75 9254
97 4702
9 1070
9 9199
21 9954
91 6862
27 9453
2 1959
64 2031
59 6956
21 2364
36 1176
26 5145
67 6001
21 6721
35 72
55 8852
100 6452
19 3690
54 5139
17 1005
43 5823
37 7058
58 6984
92 560
19 6002
43 1769
47 8693
71 9253
19 3017
46 5927
93 9042
90 957
43 4955
54 2466
60 8195
42 8713
24 6036
78 7701
51 4966
28 7847
13 2830
77 3195
48 8568
34 9733
47 4635
24 2352
4 9214
10 714
43 7227
38 2394
6 9993
78 4599
24 2064
69 9633
98 3753
71 7119
65 7713
98 7511
96 6139
98 3040
45 2373
71 297
33 3353
5 6916
42 7821
58 9314
26 2380
13 4582
10 97
45 8047
97 6403
83 6028
70 9710
91 471
16 337
87 5833
89 7115
78 4401
19 5071
54 2896
88 793
8 7106
40 1184
11 8854
56 2438
72 7433
9 1202
24 9709
54 1060
23 7262
95 4809
13 9513
74 2500
61 4188
60 407
26 5341
95 5813
71 7609
58 5143
97 5835
82 5863
86 4661
47 297
84 8736
42 9153
69 5718
59 6837
39 8504
84 8742
95 5130
78 9316
13 3831
67 4590
25 2057
5 4969
71 5907
47 9304
52 8661
11 6083
31 5883
37 7589
78 6990
35 260
44 5170
29 7593
54 2340
81 5477
67 1359
6 3910
100 2856
57 8264
86 5273
37 6538
60 6375
84 8002
90 8858
84 8182
20 8890
64 1142
58 6473
55 9761
29 7181
42 6927
57 3215
38 5114
30 4801
2 4986
95 1089
80 7837
28 4086
78 8374
8 4254
88 9566
85 6940
73 2648
25 8411
64 7091
27 1286
56 1228
87 565
87 2672
22 1004
30 5338
72 6121
53 3695
74 6741
100 5320
92 8329
83 1172
61 1582
59 513
63 4355
53 5806
12 9337
38 3698
33 7404
60 5543
16 8401
73 1451
19 1717
67 349
27 80
44 8190
56 3079
76 6614
99 3191
25 9501
92 2915
43 5623
15 751
93 490
65 2014
67 4026
97 3140
4 8826
11 5994
60 8003
61 8484
47 4747
25 323
6 3794
97 9379
61 399
16 5935
21 8823
34 4803
80 3278
90 4682
58 3427
4 7759
56 5367
4 2902
54 2812
48 2071
73 1022
36 2620
59 8455
41 6119
42 5993
62 3661
92 3898
45 1515
44 6986
5 4365
11 1291
30 3633
39 2537
14 7077
8 5763
18 9990
80 7431
77 177
68 7165
41 1272
23 6062
89 879
47 2623
20 1363
6 8494
48 9802
43 9121
69 5784
74 4460
18 3067
16 8427
39 6799
75 1682
68 8191
65 6840
23 1390
82 7704
73 5806
91 5898
85 1710
40 6601
49 6310
19 7187
17 8932
3 6497
64 9539
33 7814
76 2303
60 950
28 6152
30 331
31 5713
69 8669
43 7967
33 573
58 2532
51 3142
54 790
76 5054
22 8606
84 2408
81 8102
58 9320
62 9734
75 5169
64 1611
29 8765
65 542
72 2509
29 8696
82 5781
50 2426
37 7995
90 444
17 1855
74 9099
98 5681
55 6114
14 1459
97 7512
27 1415
93 5082
60 3701
63 6659
29 2363
77 3894
66 252
54 2307
43 6076
81 1481
84 5565
96 3189
62 1805
39 6610
85 8275
31 8030
93 9072
2 8703
21 1305
54 3873
92 7620
59 2742
52 9825
77 9910
80 8061
19 921
68 3631
40 7946
62 7940
95 2643
57 4207
28 9194
94 2681
10 2943
11 312
4 2494
27 8835
17 8825
63 4976
6 5188
81 3119
86 9372
100 2202
7 2470
4 7942
50 4993
14 8442
100 3679
12 4399
14 6817
95 6773
98 5739
85 1876
10 8424
33 377
85 9045
79 9437
33 7887
22 8255
37 8953
21 8732
99 1614
69 3387
60 2048
93 7879
36 6131
44 3333
90 4703
39 9733
19 2068
31 8102
86 5033
27 5025
79 6925
2 6800
9 4518
8 4879
43 8984
6 4954
20 189
33 5179
83 657
21 6722
31 7053
10 9185
72 6213
35 4667
71 4760
57 1517
65 4274
45 9907
61 1979
66 2672
68 9300
87 6862
76 4862
38 9668
84 7239
27 6225
54 1325
37 3231
16 3247
60 4161
35 4001
81 8328
85 1810
63 4423
100 9476
55 1099
58 3559
9 2891
99 9982
65 2619
15 9133
30 5052
96 9227
30 5192
4 8432
27 4183
89 6305
39 6163
28 8677
97 5564
70 2652
86 4099
98 1158
44 6744
49 1917
34 5958
6 6560
77 8327
36 1777
78 876
2 655
13 2633
14 3502
69 8231
49 9582
96 8196
63 7367
27 4455
82 1798
19 1834
80 8286
81 2728
98 827
79 2256
94 7716
49 8346
23 829
48 3996
19 9975
56 8802
81 9070
45 1336
35 8811
19 5007
2 1700
16 6961
84 5363
92 8921
26 9901
31 8033
38 3708
38 6118
16 9057
16 1591
39 568
5 9002
51 7796
77 5836
39 8078
86 3124
100 8087
85 3265
22 3838
77 5310
83 6923
90 5136
88 873
4 2494
12 2052
31 420
16 4660
33 3727
75 3475
47 8329
100 6072
3 1600
12 4999
80 5446
59 3943
69 9075
72 5985
27 4967
87 5817
97 4516
46 854
46 7829
63 4868
38 5104
84 5593
3 937
85 6206
87 2220
31 6859
73 6980
9 8894
6 4435
40 5863
90 1226
70 4542
26 4159
9 9914
30 8458
38 9873
67 3845
93 3140
42 2107
40 2540
84 9556
52 7802
39 7914
28 2699
62 6201
77 4697
44 5291
31 9935
37 9106
62 3511
15 3290
68 941
74 6154
100 9085
56 8867
19 8790
47 242
71 1047
43 5530
30 9526
78 162
50 395
8 968
64 4271
8 7753
16 6560
33 5144
46 8008
38 148
72 3166
98 9271
75 9009
86 1800
62 6524
86 2170
54 2969
99 2501
68 5448
22 7788
12 5191
48 6474
26 8431
72 8932
15 6993
54 3505
4 1497
15 6806
44 6287
3 7493
14 3954
73 6449
27 2526
25 9559
29 4591
35 9090
96 8696
75 6000
72 7423
83 8384
30 6584
33 1056
97 5308
86 2848
60 4639
82 8274
83 6104
82 8617
26 9282
98 2589
12 7792
36 3896
40 2927
21 8236
57 1372
51 859
27 6893
92 1575
72 3872
71 5478
50 4479
58 8635
4 7778
16 2307
32 2718
5 2568
83 2340
79 9068
3 6783
59 9081
22 2116
100 1891
27 5960
26 7860
70 6232
43 513
18 8138
35 8804
41 4464
85 583
60 6594
88 2792
76 608
85 263
28 6667
33 6659
93 8041
67 4038
45 1002
41 1334
75 6416
51 1576
98 8682
30 783
91 3895
77 4520
32 5084
3 7915
97 6828
37 5755
27 2466
89 3174
77 3247
24 3977
43 2775
72 6767
18 6372
39 263
64 2167
41 8945
88 8400
81 5125
89 6396
26 2806
55 1285
98 9912
72 1388
37 1829
20 4351
82 6212
47 4208
8 4291
36 7896
13 7250
65 672
90 5079
65 5108
61 2284
22 8985
47 2286
83 6267
42 8720
91 1842
47 4247
44 8524
74 9442
90 3125
100 3602
62 9145
32 2632
80 2612
39 5355
49 9079
60 435
16 3831
69 5394
84 6994
21 2211
16 1288
46 1517
64 4964
76 4910
45 4517
23 1644
37 5705
59 9731
83 8110
8 4249
42 3254
76 7246
48 7312
71 4082
90 3475
85 5583
81 3266
13 6189
9 3075
23 2764
51 5134
9 6616
19 4139
92 2713
100 1294
58 7328
67 8956
6 9881
73 5466
6 5907
57 3262
39 1546
96 1062
28 7965
83 4291
20 6342
84 8382
54 4612
69 6474
54 3510
31 9616
96 6513
100 2802
31 5779
44 5974
80 6324
75 545
46 6989
74 6047
13 2403
97 8361
100 3998
66 3450
39 9626
77 8708
42 1985
30 9254
89 8984
17 1854
30 5689
40 2219
43 4370
36 6062
76 1460
94 6731
70 7276
88 4057
60 1300
65 6524
80 828
72 6856
99 5738
15 3048
85 5405
90 6901
12 388
2 4889
49 867
41 2459
62 6257
50 2506
39 6934
66 6479
24 4052
25 3425
94 6077
87 3174
79 6136
95 3246
56 3635
82 8088
35 4542
49 3706
7 5253
96 6871
42 3203
57 5346
69 598
46 8931
13 2820
98 2051
3 4510
73 4749
8 2814
65 2356
30 8880
35 2049
36 3889
58 9047
37 914
50 1687
72 4646
67 5752
35 6293
39 918
71 4550
14 6879
43 9497
7 1787
50 1378
74 6348
64 7419
5 5980
25 3556
67 4580
46 9021
54 1854
4 5956
79 2714
15 9629
53 126
15 6873
70 6280
52 4577
17 8582
47 6128
91 2686
44 1658
42 1304
9 6573
32 3111
46 5517
69 197
23 3683
53 2470
61 1243
7 4356
65 3692
49 9119
72 8814
61 2436
35 6455
77 2632
28 9326
99 8304
58 2434
17 4282
95 481
38 8856
72 2998
32 6159
28 5048
10 5787
83 3976
98 1453
100 9260
65 7797
27 9604
78 5754
28 4823
14 9913
27 426
99 3004
60 6450
25 3895
66 5965
37 8263
63 1794
89 2917
82 545
37 1662
96 6925
17 281
79 2540
28 5676
29 8965
13 8880
64 7508
45 6091
27 5449
69 1848
77 9834
99 9925
6 3084
18 8937
9 8723
62 8746
18 8749
20 1835
92 4866
22 6601
43 6975
83 3035
58 8154
13 441
82 3143
59 773
40 4657
96 5398
14 828
28 5931
4 1736
3 1734
84 971
91 7187
36 9240
19 1364
51 5967
39 949
60 9584
76 2527
25 2804
48 9214
15 9892
43 6610
2 6378
55 8444
41 6555
87 2641
5 2905
32 5843
21 487
96 9467
37 681
77 8265
88 8060
12 9342
24 2330
83 6912
73 8944
84 6973
5 3266
6 3928
100 1302
16 3893
7 8715
64 9112
91 4559
82 4639
95 9909
78 231
15 7800
17 4611
46 8026
4 4686
100 7855
17 2901
97 528
13 9776
77 9007
19 1439
44 8646
53 4559
62 4064
43 7725
82 6076
70 2324
55 2058
75 7453
36 3214
38 7177
4 5529
88 3865
76 7843
63 2238
70 1847
36 5890
25 4207
33 8844
78 369
14 7585
62 5597
42 3350
84 5652
62 9299
61 9682
36 7634
91 7120
47 4259
99 3746
77 8820
42 1518
83 1693
7 8545
93 4404
37 9276
90 2428
51 6679
10 1323
31 3937
13 5510
90 4953
48 5643
96 6123
63 6776
17 9843
11 7374
77 4955
57 2399
28 1792
51 1381
50 3877
76 9910
4 3348
37 7134
50 2623
16 9323
50 6671
39 3353
52 3463
93 4554
53 1613
30 943
43 5703
36 2955
53 5366
36 1668
10 7574
49 1814
6 9758
9 3183
94 7018
45 2657
46 9457
77 1842
95 9327
73 5525
48 3136
76 6016
87 3594
59 6486
39 1578
45 5137
28 3187
6 6591
54 9898
44 1950
26 8344
46 426
53 4210
60 2505
51 9445
45 3823
96 270
89 419
76 8858
47 6179
86 2245
59 7171
39 3231
21 2019
89 6432
19 3937
31 5042
84 536
9 5463
61 6884
22 5608
69 521
69 2956
5 4379
89 9814
29 2597
40 5097
78 3527
100 5405
59 1340
9 3595
53 6527
2 8687
73 6767
77 2018
95 4659
54 1019
22 3875
57 6124
93 9529
11 7494
82 4618
93 324
21 3744
41 1156
64 7233
88 2351
40 980
39 406
38 9760
72 9651
57 8275
12 1315
56 1917
67 9384
8 6846
35 742
64 2737
23 4319
72 7574
46 3278
66 3750
17 829
14 9005
40 387
77 356
31 8550
85 5126
47 7085
22 2925
48 9552
80 3590
14 5691
37 371
56 4874
17 9844
75 948
42 2768
46 9407
56 4199
43 7969
15 8425
51 6902
71 2447
82 5555
91 8103
51 3298
31 9548
48 2571
93 7521
78 4030
34 3706
7 4819
93 8347
59 9858
7 2769
34 7595
48 1612
77 2394
51 5797
34 3058
61 4255
69 8167
70 1557
93 3728
68 9026
32 128
15 5485
20 6635
14 6299
61 6148
98 8859
98 2833
53 6627
79 4779
87 5691
11 600
18 9056
27 3514
62 690
45 443
27 6300
26 804
12 8345
81 5352
36 5377
49 5576
37 4600
2 4463
88 2778
82 4473
7 6811
45 303
93 8320
12 8115
87 931
28 5784
92 6956
52 9292
38 7858
26 3070
86 502
47 8810
22 8940
29 6932
92 665
37 3997
79 4440
60 5581
67 8806
36 479
15 9627
34 8113
22 1572
43 1123
38 6802
14 2593
84 927
15 5732
41 5718
91 4306
49 6088
31 9824
45 9673
64 6669
80 4181
86 2584
50 5608
6 4866
4 8480
94 3727
94 2517
48 8765
94 4520
17 3867
10 5103
72 460
66 4197
49 3143
14 1168
67 4892
87 2524
26 7677
61 2580
97 3019
58 6670
31 1168
61 6635
60 1637
44 2748
35 2252
87 8191
22 4898
4 6021
42 4986
9 9451
47 5575
22 6157
81 5133
29 8009
16 6562
87 7139
63 9375
70 3101
53 116
2 4981
82 7437
82 1998
72 4116
88 322
83 5075
21 4721
55 4106
84 7440
63 2763
44 7701
71 618
75 515
48 8343
77 2656
9 3336
2 88
54 9287
80 6089
95 3654
66 8253
93 4753
47 5418
82 7716
80 954
47 3862
53 8870
70 1670
34 6651
58 4086
70 4612
14 5482
58 8733
52 6242
30 2576
77 1948
90 5627
59 476
53 2692
39 409
38 6449
52 5248
87 3936
33 1411
74 3069
31 8691
20 4916
33 8164
60 7743
19 8825
55 3184
53 7734
37 7692
45 2609
69 5197
38 8214
82 7014
63 7541
5 5214
14 1181
17 4017
84 1433
35 1467
97 3471
51 1300
41 8682
40 5386
56 7603
33 7680
74 1624
32 2816
30 1654
4 9756
64 4387
11 257
7 6414
53 5400
73 1303
69 9609
72 7980
10 493
54 4039
81 2855
77 9200
67 2169
3 4029
62 9927
64 8827
69 1270
91 3996
32 3669
66 4513
54 3541
89 9871
13 6866
42 8372
65 153
58 9072
79 2359
81 3912
66 809
71 2070
70 2622
51 6359
67 6340
56 9910
77 1308
85 5699
41 5494
9 7985
84 7554
76 4868
10 9484
86 3212
80 7354
18 1214
31 8619
26 1770
20 2225
36 2629
100 1159
32 250
31 836
62 6759
38 7569
35 5536
51 9140
98 1068
38 5273
46 395
90 8410
58 6104
83 2515
35 6227
4 1604
88 7066
49 2041
90 2792
97 8610
58 6394
55 6516
75 6715
27 9183
60 1442
91 7795
17 1141
76 2362
63 9208
75 3273
6 6453
98 3720
50 8747
29 7042
14 9472
20 998
82 7287
45 8643
41 3054
50 5414
88 476
19 9616
68 7836
10 843
63 3873
2 1467
49 2803
5 4940
18 4724
52 4361
79 1554
75 9766
34 5665
11 1846
57 6783
44 9674
70 9159
35 7735
42 5322
57 9900
99 5687
57 7711
26 4874
40 3642
58 9539
2 7589
21 7123
19 2888
84 2046
7 1085
6 9446
69 2144
11 8127
35 9221
38 2696
5 446
81 1776
13 2226
26 386
5 8190
44 6639
59 8839
21 4590
94 4539
89 9911
93 4751
2 2629
36 6098
52 1142
90 6867
73 6853
47 8920
12 8818
18 1094
8 2500
78 8052
25 4944
72 4382
99 8626
80 3649
46 730
37 4488
6 2950
26 151
50 6434
28 9070
96 9632
81 8426
69 6115
86 4530
55 8275
20 1843
3 4153
85 9418
17 3656
93 5254
93 6823
24 8236
46 7156
67 1290
26 7457
16 7758
6 8171
18 8279
65 2892
21 2552
2 5108
81 2182
26 8864
59 876
9 9159
90 1606
13 732
88 4364
61 7212
56 7005
82 2913
47 1061
71 6607
14 8664
75 2951
33 1392
76 4339
2 1704
10 7821
2 5959
85 8254
29 4274
28 6326
83 8380
86 571
7 9573
36 8351
66 7144
52 2522
80 9076
85 3139
67 2104
69 9001
89 7244
22 8746
42 6998
59 9826
16 1488
61 9236
47 2891
75 4580
75 7294
29 5679
48 4837
97 3067
92 5423
41 2839
34 8890
28 5681
94 4104
48 4874
63 5441
5 9417
47 9999
21 9644
62 5807
13 5295
16 9872
100 9630
8 9535
44 601
49 2543
31 9874
19 9714
39 6926
26 1826
82 2573
69 1266
84 7865
39 4999
92 1496
70 3972
2 9215
74 7646
2 9885
46 6554
81 2651
73 2031
83 7942
95 1447
12 1637
21 8414
35 3128
48 1415
87 6663
39 4494
71 8268
20 8995
26 2178
34 2236
46 7992
40 6919
63 7288
78 4709
59 8611
96 8933
44 4189
21 8639
87 7257
37 8762
50 8466
100 2227
26 6560
28 3782
3 7231
9 3812
78 2870
85 4641
60 7115
13 1627
63 9493
65 395
73 5679
42 9926
56 5789
68 8621
24 7637
29 3741
70 1530
59 4684
28 9690
84 4568
15 791
59 5063
75 547
21 3900
88 3273
85 2898
16 8590
19 8167
91 6568
82 2317
53 1688
15 4712
80 6910
70 9305
98 6117
63 6129
36 6626
20 6246
46 4597
12 1478
44 1827
42 2850
97 8385
99 7226
97 352
98 1165
96 7893
4 2447
48 8500
14 1957
80 5615
63 1889
15 5509
26 2586
69 6539
52 5474
77 7920
59 7116
53 6521
70 1841
87 2814
16 5738
98 9776
39 6017
16 5679
33 1747
19 2218
64 4455
32 9460
24 1031
74 6257
40 7541
86 5101
90 3133
86 6753
77 964
93 1115
70 8544
3 3502
37 3205
24 205
51 4565
57 3888
43 4147
100 5602
4 5914
41 2792
98 1440
18 6784
83 9428
73 9698
60 942
67 6748
92 1808
5 1908
4 6122
29 8097
100 6250
74 5245
81 1857
12 9134
96 6996
36 661
39 854
78 9148
63 3531
46 893
72 2521
72 3409
30 3084
86 5950
50 9134
96 8930
19 9293
11 6123
29 4724
22 1326
37 3858
79 7570
99 8085
32 9724
47 3882
99 8861
60 4798
50 8356
17 7111
63 9874
72 5365
95 1908
25 8874
73 949
3 8575
88 5400
81 8171
61 2496
99 9770
48 8179
97 6092
60 5538
60 9678
93 6110
96 3678
4 3602
88 2774
90 6375
67 5328
3 9027
21 5807
40 8030
29 6598
35 6922
56 1487
9 9891
70 3774
99 2336
50 6601
97 1395
67 3500
20 7202
82 8492
91 6484
70 8807
10 9371
26 5363
81 8766
21 7399
93 8891
20 9085
38 8434
22 1791
86 8134
45 8006
77 4472
79 8719
40 3359
41 5069
30 6986
11 5468
5 1383
99 1916
75 6460
43 8949
48 9976
72 4442
90 5089
61 1831
58 313
56 9636
65 8595
82 8404
66 550
30 4688
63 4010
38 6555
21 5437
66 7474
25 3571
26 6610
14 5941
16 4310
15 8027
37 7769
65 822
70 3961
94 486
99 4099
62 2530
44 1001
54 6609
18 4246
96 621
12 3365
74 8851
31 3025
50 4526
52 9400
12 484
14 7166
66 1923
22 1612
7 79
31 8704
4 1423
79 8922
91 1235
95 5935
8 2599
80 9768
4 7005
29 1803
69 4435
81 7246
78 9408
77 7588
100 6944
90 450
26 3988
55 4627
30 9963
84 3341
18 2431
15 4316
87 8557
74 4858
97 3985
8 2970
48 9432
13 3257
68 2713
98 8711
8 3445
95 9182
16 260
46 3435
46 6785
59 2908
27 8070
24 6825
97 9311
3 6698
27 5089
55 7793
89 4886
52 5688
3 2077
63 2208
78 477
68 4279
36 8788
11 466
99 4809
57 8425
34 8464
5 8797
3 9125
53 2657
91 7514
61 3769
15 9491
16 3132
27 6580
60 9304
68 8647
97 2129
34 2363
66 4153
93 6975
86 9427
75 3058
8 2030
63 9330
74 4627
31 5332
11 6100
36 6946
51 1754
16 4730
54 6439
53 4918
48 5693
28 6730
91 5490
3 2021
21 8340
93 2382
90 551
46 3741
9 4013
53 4282
74 4965
33 7109
100 7331
73 5688
78 9413
9 1412
73 7974
83 4149
57 9665
74 1642
18 1604
85 6454
7 9169
10 7922
53 9993
80 1008
43 6181
73 9144
100 5743
85 6513
97 6625
94 8443
24 8588
52 7415
37 4069
29 4108
18 7830
48 7776
48 3611
76 1233
35 5269
91 2675
77 6487
10 7491
51 7095
37 2352
77 3211
73 9976
100 4363
6 7345
4 119
81 5655
61 3104
21 3739
21 1848
82 969
83 5769
60 5073
65 1333
61 6830
37 1389
54 154
79 3015
50 2199
13 9067
43 6687
27 8742
13 6949
30 6981
89 8455
12 9798
98 8441
37 225
67 3995
87 2787
29 174
25 2851
58 7390
67 9335
34 8939
18 352
77 3955
47 8206
20 1866
29 3428
90 487
44 9425
89 4893
99 9866
99 6318
12 4920
6 9962
21 7545
50 6947
14 801
72 6445
27 7564
76 5472
60 3348
89 4285
85 6602
41 3332
60 7401
9 6008
61 3148
39 3696
11 8384
7 8329
29 8910
10 9936
90 7200
4 4153
67 4581
94 609
31 6010
41 8182
64 6655
30 4935
86 2875
47 9295
65 3697
66 5479
78 1492
24 9419
34 2841
26 6948
67 9875
10 7712
90 6037
25 9626
19 3153
14 6692
80 8323
81 3212
85 1185
46 3677
12 3683
76 8748
19 7605
35 7122
90 774
51 8042
70 1415
96 8046
18 6747
8 6965
99 1578
15 4052
54 5018
14 563
55 2772
33 5051
36 328
100 1264
26 3829
35 9633
37 5360
71 9313
10 4355
12 3548
51 6661
81 5989
5 6286
32 2775
56 7299
73 3157
14 5821
45 7140
35 3332
79 3360
22 9525
47 7806
33 4013
52 4021
60 1392
3 3858
98 1505
11 276
54 113
19 840
31 9274
67 4092
74 8863
22 828
18 9481
11 855
41 5017
10 392
35 8675
37 7459
97 5695
20 1385
12 9624
74 2809
87 7055
49 6790
73 7166
23 1056
99 7764
11 4819
41 2455
99 1115
14 7570
63 2253
9 5808
45 836
41 1968
28 8915
81 761
60 2335
78 4294
38 4996
96 2684
25 3695
100 3799
26 5773
66 2460
63 6463
94 7588
62 7041
88 4289
58 184
45 4514
52 1696
9 4354
40 4141
96 6672
8 8098
74 1925
81 5934
91 5152
64 6812
79 3075
23 5795
11 4806
53 4696
24 6860
70 3084
73 2984
59 5984
5 9210
99 3341
61 1774
3 5845
75 5792
18 3605
24 2780
17 9638
67 8467
29 2528
66 9992
47 8344
84 7643
17 2839
85 4775
66 1225
68 8979
29 4214
65 2303
80 2614
24 1738
41 4306
71 961
66 1756
98 7751
72 2963
46 1603
48 9048
46 8305
22 1272
95 4243
65 5178
3 5045
75 2061
22 6773
21 5389
23 4813
16 3497
96 1118
39 4814
82 9136
19 97
91 1766
14 5742
38 5031
40 8402
16 2624
15 1737
68 7055
87 5141
46 7280
37 7222
84 9535
76 1345
9 9746
97 9424
57 8073
56 5630
64 9262
79 4892
36 3793
19 6148
43 8438
30 7960
90 2576
29 7139
97 4647
5 6614
81 2931
98 3119
39 4608
33 1619
72 4913
5 7488
57 4388
29 6903
17 5291
51 8007
14 4493
75 9764
41 5387
25 6237
79 4875
21 6124
77 8352
51 8151
17 2464
44 7558
60 9793
46 5640
13 577
62 6529
31 6755
50 693
56 3858
85 3398
66 2763
29 7544
81 8996
98 3731
98 5458
3 1399
91 7002
28 2768
45 3554
45 5183
98 1364
3 7056
54 8047
2 8583
86 6253
82 285
92 6719
65 3517
17 7429
66 5176
2 5477
76 8598
79 960
62 5669
66 6264
70 3746
19 1151
27 5694
40 4286
81 4153
41 9254
65 3917
24 8050
3 3242
55 7416
49 4139
18 4475
64 9977
19 3574
25 4028
13 1113
83 3780
66 7570
22 4456
98 6298
55 2438
83 5153
31 6909
77 869
88 2576
43 3919
50 2563
21 5719
5 3918
89 9266
67 4237
37 3193
63 8772
78 1982
8 63
5 9585
100 4273
19 9959
57 7726
16 7648
84 6798
64 6656
24 3397
64 8689
75 4981
59 1489
100 7049
26 8032
28 8388
33 8301
78 7901
5 6841
7 1946
64 2432
56 3756
41 8898
18 2148
71 3192
48 3093
38 8328
70 6399
25 5018
32 7939
37 279
13 2689
64 4490
76 6136
43 9025
77 3303
15 7116
34 5247
79 418
80 9925
94 8139
37 2707
31 7644
67 608
6 9749
63 3930
23 3505
41 4872
34 1832
32 6358
25 4640
55 2052
17 5755
87 4013
13 5525
32 956
93 8112
100 1771
27 5439
88 9453
29 8975
13 867
39 8129
67 2381
84 5016
42 7752
90 9185
60 7650
69 8184
21 2797
21 1534
19 1243
81 1318
62 5486
72 2609
91 4162
9 4557
80 7788
37 3320
21 5059
59 9864
34 9110
74 9170
60 9486
15 6402
26 6837
81 6838
63 3097
72 5856
91 5964
85 821
53 9660
92 5813
22 6313
94 5781
99 5045
57 6074
69 4911
46 8205
25 2115
22 7560
12 7470
67 9974
76 6788
89 5180
55 7214
16 5546
88 9749
57 1828
9 630
99 5832
46 3838
38 3217
83 8837
53 8496
48 927
40 9331
57 3701
18 4614
91 3629
81 5168
33 100
77 6578
22 4775
42 2210
91 6069
19 1877
100 4273
97 9396
56 4110
69 1541
25 8431
40 8578
46 5716
8 9570
32 9058
16 9564
36 4139
67 7216
67 8336
68 6271
81 4076
34 7066
78 7084
36 359
42 7980
8 3116
21 7482
38 1045
100 2583
78 2275
36 1820
44 9806
87 6635
3 7964
3 662
30 157
92 5642
66 7602
49 9924
17 2441
91 231
72 7463
60 763
40 2331
39 9328
25 6363
100 2886
79 6471
25 8737
23 4561
66 3785
51 9947
60 6658
43 9773
7 4945
23 8232
68 8284
69 6290
79 6403
36 2396
60 2917
74 5261
77 5393
33 6830
13 6797
81 541
92 1477
42 5276
67 5578
7 2669
38 4392
88 3506
40 9988
44 2107
31 2743
39 1141
74 5160
57 2411
33 7445
52 9995
13 7533
50 7780
86 8051
13 2665
8 4773
66 7760
41 9443
17 8757
95 5906
76 3720
91 7903
10 2771
96 2879
88 890
71 1290
55 698
80 7154
67 5435
80 2082
84 8903
59 829
22 5253
5 6357
5 8162
4 6098
79 4851
60 1241
55 9448
55 3494
53 6662
48 9344
97 9377
89 7428
42 2884
100 1557
85 445
87 8707
63 1351
95 8863
84 2999
8 1686
96 9834
80 7230
45 4059
81 8596
47 6205
34 6519
40 5154
2 3401
74 4679
40 5796
40 9920
26 6918
76 5496
61 2841
89 8185
55 1104
6 845
2 1007
20 8471
24 8139
98 7427
63 9427
56 342
12 8690
60 6251
73 8343
25 8164
33 3603
34 6458
63 8406
41 6052
64 3359
84 7191
41 3342
4 2444
96 642
49 5503
22 3020
46 9818
91 9485
29 7420
39 2910
93 1619
16 979
91 2599
31 3949
96 2444
25 7911
76 6038
24 3889
72 7447
2 3377
47 4279
26 3101
22 370
35 9885
55 7232
70 871
67 2641
55 4643
37 2375
95 3193
49 270
29 3593
87 4626
16 2076
37 3009
93 9480
4 756
9 8621
97 2259
49 2901
43 7272
38 6084
35 9422
86 5220
44 3949
26 3752
26 9749
65 2839
8 3785
67 8255
25 4288
89 4838
4 8251
97 2130
64 1587
68 4223
91 5763
5 3437
30 128
26 532
92 5772
61 9456
31 433
23 7489
31 2407
35 386
44 4124
27 68
29 4440
58 8509
90 4826
4 3169
60 8241
8 2018
69 3171
39 9938
25 8885
66 6192
74 4655
35 5321
87 6102
19 7085
5 12
81 8438
20 5213
35 834
71 755
91 749
81 3674
87 1394
30 6099
22 7102
28 1207
93 9321
30 2250
66 8228
91 6886
53 8826
99 5644
3 8790
84 9437
11 813
24 7720
44 9261
65 1724
86 9673
92 6621
58 5486
86 7449
46 9146
36 9799
17 9062
18 4560
18 4733
93 8715
85 2293
82 5709
48 4608
72 6237
100 4019
6 9494
99 915
28 1868
49 9690
75 5247
67 5168
15 7453
93 6808
54 7780
79 6871
85 2819
19 9802
45 4551
78 4685
17 2264
24 9044
63 6508
66 9388
63 8246
36 6103
59 6421
26 4541
70 7742
26 500
35 6694
21 6893
9 8970
76 8853
5 2430
12 6593
89 8559
52 4038
95 5095
15 918
75 5166
31 1935
100 997
23 3781
63 4698
97 3868
35 7330
51 6613
48 4456
26 6075
20 1076
58 7633
51 7095
33 4624
27 1678
37 5555
37 9039
95 1625
98 9243
55 8421
9 9428
58 1853
88 3455
57 7999
67 3445
31 1811
48 6111
49 4406
89 3603
2 6639
71 2902
16 3853
32 6041
29 5151
100 9856
42 8660
11 779
53 8088
68 2030
59 2779
76 2766
82 1548
67 1151
87 528
81 7069
15 3659
67 2508
70 5087
67 9299
59 6185
33 3992
98 3524
12 3543
98 7929
95 3718
33 9646
67 8990
91 9799
94 9640
93 3884
21 7017
46 4332
35 9181
20 9656
54 9301
70 6229
51 4361
21 1807
20 2169
47 2605
51 2503
66 8947
7 4512
76 5658
24 676
78 3556
40 8410
32 7170
56 3978
19 825
82 4144
82 945
5 789
13 3874
24 8993
90 1849
46 2884
7 3010
23 1532
76 4594
95 2499
49 5113
55 8841
93 1963
21 2923
27 615
19 1004
5 1489
89 1991
90 8477
56 5116
53 7527
23 3414
63 487
22 6427
68 6251
98 7957
4 5380
64 5056
44 9424
75 9557
87 1355
73 4579
58 7894
48 3631
81 7179
38 6271
56 7420
93 3209
87 1364
56 5687
80 3518
18 8341
99 7264
70 9254
46 3204
46 2932
20 7954
20 5442
31 5082
4 3867
16 2531
96 4118
65 5752
92 7541
46 4291
30 3798
96 7432
6 3821
76 8400
70 8581
31 8302
34 6808
91 8798
87 9840
32 7961
7 8214
43 4303
64 8972
91 8784
50 1502
85 2913
70 8661
86 2467
21 8230
97 7277
15 8706
27 9839
3 5786
42 3178
79 5501
13 3867
23 5186
43 7949
23 4874
90 8702
69 7888
8 2171
83 8097
76 9766
90 2382
41 5528
82 3089
87 2856
40 7895
59 1363
79 4686
22 1179
18 4705
56 5726
52 5148
77 4070
97 1738
60 193
85 1589
76 9288
40 7127
43 945
94 8743
33 4579
80 8641
73 733
45 114
31 4471
38 8105
17 690
10 5162
29 9958
86 8907
35 6878
61 6212
18 8801
21 3012
45 5255
19 8280
46 2038
92 1429
91 6235
17 8806
40 874
87 7581
68 7547
43 1477
49 5901
89 2036
54 8540
85 5692
33 8590
98 2682
99 4885
57 8809
19 8416
48 5033
30 763
75 5807
23 6221
41 3623
44 9688
20 9168
46 5629
11 1277
73 2236
21 93
54 9166
98 4485
39 3116
28 2682
13 9697
19 8428
80 2939
18 2953
43 2795
67 2536
94 5314
56 963
43 9175
15 1980
83 8490
59 7149
30 9447
37 6073
57 8243
8 5916
27 4271
3 6978
67 3148
29 2345
20 6602
31 5576
40 5802
68 7405
80 3765
12 8411
38 473
41 4531
19 3526
41 1475
3 70
51 1172
70 6437
55 127
18 4863
90 8742
42 1548
13 2741
87 243
70 8048
41 9886
52 6854
83 7892
49 5948
32 7610
62 9978
65 9171
57 5736
60 7860
14 761
91 5162
73 2141
14 8743
44 3994
61 4942
79 4724
18 5895
48 860
90 2033
23 7099
17 7241
24 2461
11 4148
54 935
42 1893
100 4419
96 5642
60 9447
43 3061
88 1416
8 2845
62 6043
9 2019
7 9874
69 5453
89 6727
29 3457
50 9689
64 2462
68 2153
22 7669
16 6569
54 8159
12 775
60 6949
97 8398
69 5370
85 6705
83 7924
39 1597
10 521
85 6120
23 2840
33 3328
72 3375
39 8259
45 2730
32 1267
76 1771
2 3690
20 366
97 3890
83 2967
8 7542
95 1734
52 2251
54 9082
20 7156
42 356
20 3605
100 8228
76 9919
60 300
76 3806
28 2306
43 5045
83 6440
57 5839
79 6442
91 9200
55 7289
20 863
85 2469
34 5456
94 5024
87 5201
78 1039
72 2835
2 5920
15 9212
34 4211
25 1682
78 5904
35 1070
83 9093
51 4655
96 9577
39 4016
8 3801
3 1395
70 6311
33 7319
12 5885
54 177
20 3441
47 6727
16 6253
33 3941
17 3841
91 7642
11 3652
18 5586
51 7799
73 456
56 1772
90 847
39 2423
24 7913
90 7371
4 5438
93 952
92 2502
87 8774
65 7389
57 454
82 3290
91 1935
71 9360
43 4954
12 7806
45 1551
21 7174
92 476
46 5267
36 2713
38 2960
3 2607
4 8093
43 4312
66 2354
29 8723
43 3049
91 4442
43 3819
71 8061
47 1046
81 286
55 7287
100 4399
73 395
72 4536
11 9868
89 8915
84 4924
2 6550
64 4690
18 6057
2 746
39 4185
83 2781
98 2408
68 6474
56 5889
29 5880
15 7310
69 4556
82 2304
64 8291
19 6595
32 5626
46 7175
15 8312
86 9693
29 6230
43 2493
100 3556
81 2239
92 1903
47 258
70 5798
81 3171
11 6442
67 6323
34 3442
54 3202
89 7503
64 9007
78 2657
38 9849
22 7289
4 7508
35 9283
55 5121
46 4692
48 7353
60 2579
48 5116
92 7936
61 7728
76 877
94 8620
94 6118
8 8601
72 5546
44 359
4 993
18 3632
95 6424
41 8777
69 5253
68 3576
14 5780
46 4316
53 4596
87 6336
57 1659
23 9768
44 3022
8 3594
10 543
54 9237
83 4275
34 4517
3 1660
80 6209
53 1884
36 6331
17 6789
30 7952
54 9985
34 3180
61 7516
2 8497
38 4136
62 4465
55 336
88 7941
2 1828
59 6913
43 3690
70 8374
10 8850
23 171
71 5338
74 6149
53 3569
63 8104
85 4296
33 1534
37 5686
29 4889
46 4397
91 2025
42 2381
83 9662
46 5361
39 5183
47 4889
4 2573
51 2412
39 5054
21 2863
52 8929
58 3442
92 7264
15 9476
72 210
30 5903
31 4675
79 9858
3 4449
82 1601
93 9791
93 9621
80 8087
44 7033
71 5955
26 2143
23 3434
14 4320
31 8365
25 885
82 7903
84 2543
87 8681
17 6288
50 1032
9 8760
38 9725
26 3085
71 6970
63 1935
44 1559
20 3575
75 4378
2 1358
3 7212
70 7318
34 1047
98 278
35 3703
26 4443
27 1341
93 9245
86 4198
96 2761
63 1626
30 6686
66 1559
64 8020
13 7963
51 3466
93 4317
79 3044
44 4194
30 7489
56 2339
36 2469
72 4850
45 5504
60 4647
96 1332
81 2311
56 6342
14 6061
27 3030
23 6435
85 5104
80 5480
19 8266
95 3404
25 9598
79 3581
24 7995
34 5799
100 9918
26 9537
52 2102
32 9914
65 4294
20 7186
25 9931
16 1171
89 361
94 6522
68 9199
93 2876
9 928
34 7741
28 9887
56 5660
57 6546
67 8602
21 8967
30 4241
42 3503
62 9197
2 248
22 1714
63 8935
34 125
43 6566
71 726
65 6524
60 3172
78 4666
88 9250
69 9348
65 7260
4 9526
70 727
49 6754
84 5870
73 7612
51 6048
53 9461
98 8015
41 285
40 8104
36 7595
67 3261
59 928
39 8092
66 7568
95 5011
71 6553
72 6742
79 4403
96 2608
57 1011
66 1186
95 8559
86 335
4 212
9 7866
88 1901
41 7695
73 451
8 467
97 903
16 6464
81 9110
51 3065
96 3945
22 87
94 9453
4 4316
6 784
39 7474
34 4803
11 247
98 4650
38 3544
85 6178
6 6702
64 2778
43 5502
13 8310
80 172
44 4149
46 3536
3 9720
3 2229
33 7515
23 4493
57 9936
31 1458
89 3978
64 7659
58 6416
66 6978
63 5459
16 9624
12 805
46 9853
30 3525
77 5344
67 6528
4 6499
38 4242
67 9452
85 1504
87 4914
97 4783
64 7691
64 2462
89 8733
68 8266
87 2100
89 5309
56 9592
78 7247
8 1424
65 2025
50 2443
43 596
47 8145
43 6801
72 543
84 7383
46 1131
47 2342
69 5078
57 1727
72 8128
36 6006
56 3463
64 2541
29 9109
46 8009
25 266
35 7785
15 336
69 5626
23 1514
6 539
12 5799
60 5552
88 9970
48 6425
33 3083
79 9170
98 9433
46 1059
29 296
36 139
60 8185
65 7001
77 7998
89 3073
61 1746
3 9232
31 7464
76 6649
17 8386
19 6144
40 8532
89 7856
22 7611
65 3411
58 1037
10 2222
61 9937
61 7907
49 7534
79 5534
38 5667
71 5976
24 4910
73 6841
31 2828
30 4267
93 3733
82 9329
31 809
51 2306
21 4225
12 4027
70 7507
46 7602
65 1423
54 7977
43 7286
86 3319
65 8632
31 8681
61 4097
21 216
89 9724
72 4063
50 8235
4 6271
22 9389
45 8654
52 959
88 5567
9 2191
26 2990
92 3754
60 5788
99 8444
52 3548
88 6483
76 7206
63 4370
7 5628
4 2654
87 623
24 5681
32 461
78 5273
31 5419
98 2652
90 8024
58 8963
46 4713
4 4250
93 3705
8 4845
70 1993
3 5518
65 5378
18 5687
47 4409
6 9666
85 610
72 489
6 9776
100 2142
50 1809
70 6861
39 4170
80 6654
99 3294
28 2674
72 5757
26 7721
54 3095
38 2989
90 9280
48 1415
83 3724
83 9181
3 8180
12 5839
68 8364
46 3253
92 2945
94 8513
95 7336
25 3138
16 4962
5 5645
40 7965
73 8459
25 5886
29 2611
88 835
44 861
85 7887
40 6149
99 6776
85 1271
40 9820
79 7057
99 5760
35 7776
75 4659
53 5027
16 2317
8 811
77 8258
4 9328
60 3460
12 6059
37 3278
73 4597
27 7210
19 5252
38 3417
41 9504
75 1101
73 922
10 8034
28 9194
44 2269
89 3592
56 917
86 9132
9 7707
88 5689
86 383
94 7570
13 1660
95 843
31 6567
68 5683
54 4812
25 8259
13 2755
37 4029
57 1706
55 8010
86 6940
42 6889
50 4546
98 8836
41 6853
89 2043
25 7058
14 9697
40 2617
70 9938
23 2196
60 2896
54 4185
96 9515
19 9714
38 373
18 2352
76 498
52 7969
68 9115
59 6521
60 3016
32 123
50 4707
26 2085
97 304
73 7215
19 1060
50 7596
89 7392
64 5549
68 6752
91 5966
25 2027
97 4954
65 1902
75 1827
5 1315
24 6820
51 2330
81 3825
36 6289
41 3921
58 8519
26 8485
31 5439
75 5265
22 8071
68 4828
66 5259
37 4005
34 8649
35 1231
80 3872
91 8359
20 9363
38 7424
73 6874
30 2738
37 9367
75 407
22 3440
61 3826
68 7317
14 886
36 1212
79 9970
7 1649
82 5197
30 1392
69 3779
48 5486
80 5233
71 3438
100 3646
91 4470
20 2757
71 2389
35 5335
16 8523
29 4931
48 4687
79 2667
34 8052
4 9446
23 7388
96 8276
21 4620
54 3258
40 9095
98 5666
80 350
18 3897
51 7999
7 7432
45 7056
84 3939
65 3258
4 2239
96 4558
6 7152
49 7081
88 6607
76 2277
8 4902
87 5120
59 9053
4 9721
16 5836
35 9468
90 2803
69 9890
90 9137
84 5480
9 1011
10 6847
79 4057
62 8779
88 4067
37 5846
7 9972
29 6924
2 6000
75 5472
3 3211
7 4032
60 9103
50 8078
52 7178
40 2859
27 2181
97 540
28 1532
13 9251
99 1478
13 4152
94 1908
12 3484
9 7018
6 9008
77 7115
59 3322
59 6190
42 7500
89 2462
54 5296
64 6846
84 3872
18 8506
85 9575
82 7081
28 9822
61 5263
38 4139
19 2520
63 2696
77 3877
39 3360
97 5766
68 8100
43 1031
85 671
78 8489
73 6060
60 9576
83 5020
55 4457
27 9972
6 6230
25 2026
66 3997
35 3956
55 6473
7 5035
83 9249
55 2859
91 3033
49 9860
66 1255
17 9264
27 4294
62 8878
86 7713
93 3349
82 674
36 7147
88 7602
92 4419
90 2892
25 5448
70 1545
26 7755
60 5177
38 7347
98 1503
46 3465
37 7738
33 4675
59 9488
59 6205
11 4354
67 1113
92 1952
10 5173
20 66
45 7753
10 1830
100 6354
19 518
2 13
12 8599
44 5315
11 5206
44 3517
81 8606
94 5524
93 6740
86 8778
95 2420
15 6519
64 1130
46 1675
49 5225
98 4015
27 891
42 4723
9 6186
39 6003
34 8812
9 6749
84 7449
15 1920
22 9111
71 6036
22 1766
43 6200
8 4396
21 8697
57 119
93 571
45 1949
85 2961
34 1798
95 4169
17 5821
100 260
55 5705
46 2495
40 1864
84 5852
95 216
67 3927
72 4201
2 9473
56 1686
65 4689
2 3134
40 8683
100 4253
4 2796
88 4817
71 2039
21 6831
81 5814
19 601
76 7278
48 4771
13 9784
74 9724
45 7478
75 7115
83 5930
64 5829
64 2775
70 5442
76 7354
81 2237
37 615
44 4919
68 5241
36 4632
69 1936
90 9194
2 1869
61 522
94 3598
53 2029
49 6412
8 6595
41 9324
91 4586
37 966
54 9361
4 4545
20 6855
61 400
51 9236
64 3189
86 4354
99 4061
64 1328
80 7221
19 1055
20 9270
55 3909
25 9541
2 1963
63 3959
55 3192
59 9915
94 8093
3 4575
42 6728
20 7818
5 4277
82 977
32 3228
38 8142
87 7627
85 2838
55 7984
34 7161
33 7964
89 4694
65 6264
44 8854
56 5267
79 9751
26 5611
86 5892
43 2372
45 8107
100 7230
20 9152
79 8100
87 1928
42 109
2 5061
16 5957
71 1823
31 5496
52 6407
56 606
5 8467
66 6804
34 7930
96 4461
46 6944
29 1236
10 5053
91 1751
16 2592
19 8837
77 8809
97 7280
39 9163
38 8360
92 7023
96 1205
14 6752
94 747
90 3391
20 5867
49 5768
32 7159
89 7567
21 1719
85 9599
54 5285
57 2059
9 7498
58 7205
7 3857
45 1610
95 4622
11 2544
13 7681
66 606
6 3561
41 1660
97 8409
56 952
82 8701
67 1390
26 5644
12 8204
96 9903
69 3373
92 3579
12 5025
6 3114
63 323
3 5273
12 3794
16 344
45 6899
90 814
49 4804
4 4216
6 2009
20 6884
18 5192
24 6868
53 5715
79 5506
3 9533
35 3507
4 1888
29 6385
80 3706
73 9446
72 7542
52 5139
30 4681
94 1536
6 4598
18 1927
33 6714
66 9959
98 6374
76 3974
34 3486
39 7355
68 192
62 681
53 2707
7 6042
64 2854
40 1025
47 9216
35 3204
75 2262
59 6963
86 5708
71 1664
46 6430
29 1442
4 6222
61 1691
5 6002
62 3287
56 142
54 6660
32 641
40 4657
33 7034
49 8295
47 9744
24 8413
70 9879
3 7552
70 3757
19 7734
28 8842
30 9336
25 4998
24 8001
51 6919
56 6923
32 3280
59 6768
58 6552
50 2158
18 1452
9 2893
37 541
2 3987
89 480
8 1740
7 8477
8 8109
20 718
27 4288
43 2495
84 3062
30 5437
45 1172
53 3281
52 2309
22 6650
65 8904
18 8085
26 8229
89 2993
97 1900
80 9679
65 7074
68 7914
48 8374
71 2570
3 2336
83 1112
69 8949
9 2303
79 950
23 2567
79 3630
97 1732
76 6020
18 5947
23 417
28 2562
28 7312
87 2989
82 938
87 9804
14 3521
67 5276
8 699
13 3205
8 9165
18 7533
83 3634
39 1060
26 3073
80 6814
66 5452
72 5808
77 7411
82 243
43 9394
78 3305
49 434
76 1227
71 8376
92 3266
58 8263
80 1772
53 4824
16 2873
33 9135
22 3406
81 5688
87 3948
20 2780
44 1335
10 2246
37 5298
11 7704
19 6630
13 7985
6 1589
27 3604
23 2702
66 2202
50 7463
28 1795
18 9383
21 2489
78 3720
56 6312
77 4003
24 7093
31 809
41 5713
35 7993
4 7914
22 1172
80 2434
36 6327
83 6175
24 4488
80 9653
30 2447
46 3992
79 6931
94 2053
27 2919
67 942
19 3351
92 3025
12 5156
97 2888
42 4838
56 3259
2 5050
89 2167
83 3129
47 4342
95 478
67 9740
86 1593
44 6049
60 9944
99 7178
69 3822
84 7473
97 2085
55 8509
66 7777
80 5120
42 9364
37 4243
48 4584
67 5885
3 6229
8 4066
75 2641
38 3787
7 3564
100 1246
11 7161
28 6991
77 4920
70 5918
72 5399
12 1727
58 5476
69 1086
16 2950
64 3556
5 4492
69 9271
13 7018
34 7961
98 6796
6 2466
16 5124
36 3495
39 7613
97 4588
53 3780
99 7425
25 3638
21 9784
78 2802
33 3609
95 3383
65 2102
24 8917
92 1842
93 4452
68 6635
72 2863
79 2203
27 1284
70 3288
16 7015
78 6242
97 6201
31 977
74 2177
65 6547
46 8568
30 6870
62 4855
67 5111
88 5251
53 4007
44 3868
60 9175
67 3045
5 5621
6 8253
5 2976
79 6205
73 2885
62 5096
29 80
60 8208
60 7360
84 378
81 6024
94 2527
54 8284
17 3734
22 5255
71 9211
96 4635
61 6835
14 9174
60 316
76 3060
76 573
84 2891
41 3922
88 8822
38 5413
95 3640
89 2075
44 8916
44 3564
57 197
8 6962
65 4528
24 6505
93 9131
42 5672
59 941
39 9315
32 4092
14 1167
41 4735
15 9868
10 984
34 8058
9 3770
30 3751
30 7422
4 9270
17 351
56 8625
49 2962
50 9918
44 4275
77 1085
26 7069
48 4440
21 2721
47 9691
76 1588
62 7879
69 398
18 1962
98 7468
69 3608
33 3233
34 267
84 2014
47 4393
77 5950
88 1338
33 7993
54 8539
15 6924
7 7096
87 3416
80 3490
41 9197
81 648
66 322
92 2530
63 8988
19 1075
40 1209
99 4358
85 4904
74 3112
53 5719
90 4125
33 4183
3 1119
100 6020
22 2403
62 3745
34 1087
74 9071
5 1519
77 9349
77 4872
23 4046
26 3558
84 8579
8 9589
39 9449
5 2633
100 3800
48 3084
53 1978
29 5711
41 3560
99 5476
44 6988
75 7408
5 5570
60 7708
27 5817
2 5533
33 3048
67 7754
100 2383
43 3873
10 5545
17 6272
20 5379
46 6283
38 8738
68 9838
70 7073
22 6594
58 746
87 3558
88 9617
43 5092
39 6820
66 4760
63 7740
61 8267
18 8248
68 8370
82 8492
11 8703
63 9559
85 320
40 4163
32 104
82 697
45 4676
15 2339
61 194
64 2577
64 7510
34 7068
49 2800
87 2620
79 9237
20 7065
42 923
31 9764
40 951
14 2273
92 7098
93 2392
98 9229
72 4721
35 4725
85 7208
91 6156
46 668
24 6037
54 2610
90 7711
38 6935
43 1487
66 433
99 9753
52 3083
36 3125
3 6202
95 497
69 7527
89 3310
89 5036
8 2949
36 9103
62 2366
45 5531
39 2167
91 4488
96 938
12 8532
72 1923
29 2010
59 3040
26 433
36 2735
33 2339
36 8600
39 5855
70 3116
3 8709
15 8960
16 9832
47 4431
86 4747
22 4580
24 2018
46 2812
44 3105
98 9921
89 2724
61 1158
5 7343
100 2485
55 7223
100 4275
31 9912
45 3647
86 7014
100 8111
66 3193
86 1222
67 9825
58 9066
6 3279
92 3253
51 8880
38 8719
32 3515
97 5370
23 9976
63 756
88 6911
83 1248
20 3893
65 2346
52 7571
98 8133
10 4802
66 5657
32 5023
65 7136
64 7082
54 4029
60 5253
25 8799
58 2629
40 6961
79 9933
43 4365
46 8528
6 4186
85 9011
41 8182
77 1367
2 947
96 3361
19 7455
74 1680
70 7812
67 5399
95 3855
49 2024
76 4630
52 5929
92 3521
83 3963
22 8120
7 650
49 4125
92 837
72 4731
66 6714
65 9603
65 6048
14 3321
45 3700
74 5887
32 2895
76 2355
12 8283
41 1318
20 9966
36 7325
90 4575
82 1967
6 7969
95 8079
43 9673
59 4875
44 5611
83 571
3 7143
52 7681
62 2638
73 1886
16 8123
15 7843
51 4788
92 485
43 4759
94 6316
45 6126
27 1511
28 5978
42 1587
89 7582
50 8736
41 3736
36 8888
82 8798
80 9466
91 9442
31 3090
89 8567
27 9749
41 8680
11 355
21 1285
41 8993
95 964
69 1166
82 6804
22 1605
85 8279
89 9659
70 7464
96 7650
64 5142
71 9297
66 5995
83 3731
52 7253
34 2266
49 7973
70 6953
20 1976
36 6270
65 4982
70 6803
12 4232
56 4446
84 1599
8 6423
9 2582
53 3241
59 3328
2 978
79 4956
17 8654
76 3924
55 5448
62 7723
33 632
49 7315
80 5340
89 6738
98 4899
59 5656
66 6467
72 5792
63 7356
47 3793
9 3689
58 8726
43 675
77 5712
58 6750
2 5826
31 5396
74 1284
10 3043
63 4156
24 7565
79 2285
58 5393
92 8056
18 3776
25 2130
92 2175
61 1992
19 670
89 9061
95 7812
100 2977
75 5204
93 1368
90 9053
3 1830
35 2924
59 4733
79 1874
54 8737
58 7247
79 8761
9 6652
2 890
82 1366
70 2745
60 281
63 803
85 4094
38 348
49 7877
29 612
10 4394
100 3908
31 8704
47 2426
50 4796
45 8328
24 7805
33 1245
22 6570
73 2904
49 6773
7 185
87 4381
31 3497
45 1521
15 3857
44 4976
84 6399
71 7495
58 8468
62 2779
19 3529
44 3461
74 822
85 5221
22 2335
5 8172
25 8395
65 5627
4 6656
13 516
40 4369
58 8617
48 5183
72 2050
52 7250
84 9020
67 9528
85 8996
89 6164
51 8520
69 8204
89 9421
76 2127
6 3594
37 2477
52 4038
15 7853
17 8052
94 9598
79 9431
71 4670
60 967
7 8061
8 3574
2 7024
2 8298
70 1507
82 9325
46 7728
10 1001
34 9654
5 5369
56 8565
2 6703
82 8800
3 2774
52 6299
59 1753
94 9106
80 2207
52 8447
68 397
31 9652
45 5043
91 4937
81 5578
38 5852
12 7271
26 4884
82 4740
87 2638
14 3967
15 8394
24 2856
75 6526
23 8175
59 2691
51 9517
42 8183
34 7601
99 3562
27 2982
90 914
50 6473
47 8116
3 9450
47 7435
68 8067
85 3631
67 2181
3 6557
54 5554
40 7036
45 552
54 9436
96 7572
39 4520
42 6948
80 6265
20 644
61 3902
72 1105
3 581
61 959
45 303
78 394
56 9906
92 8400
10 7497
13 7669
20 9032
93 242
3 3898
2 3385
48 3614
13 99
57 5842
24 161
54 8918
82 6753
87 4619
94 6146
13 91
44 2731
5 7443
66 1453
43 6527
65 5697
70 287
66 861
24 6665
28 2220
99 691
98 7886
97 2518
7 6532
41 4942
14 3251
11 9962
40 1080
19 2342
16 4131
86 8793
64 9957
71 4353
92 1594
10 9646
86 9994
20 1782
79 5897
24 4589
62 3024
40 6960
13 1355
24 9401
79 8117
100 4978
85 8831
45 6663
9 5913
2 8499
63 4879
88 2383
8 1115
96 4001
17 2406
36 5805
55 7398
39 9194
61 9114
66 2981
28 9839
5 9232
52 7763
73 3343
32 2677
51 6690
34 447
26 7778
100 1166
35 4611
68 6361
35 2663
91 8805
44 1595
48 3352
78 4539
99 6394
86 6373
3 4630
59 2992
10 5405
96 9329
75 2202
90 6299
29 667
87 7998
66 7896
19 7727
42 2550
12 2054
9 5666
35 7642
39 9554
15 1569
40 8706
88 1920
27 2182
47 3192
94 2276
65 7657
96 1870
59 3945
97 9718
7 136
100 3000
71 6870
11 2295
4 588
41 5796
100 247
54 7059
71 9191
68 1430
50 7368
80 9027
91 8454
63 4750
47 3569
86 562
63 4652
8 9165
33 9570
94 9189
62 4833
13 7372
86 1833
85 2743
49 2723
94 6620
20 684
45 5167
54 2247
72 8943
96 4075
38 2369
7 5717
84 7782
26 7553
54 8056
97 7662
89 4826
95 3472
25 1092
37 6682
57 8509
95 1725
74 4895
58 8756
69 828
95 1140
5 8342
9 9243
30 8012
88 3357
62 4549
47 1513
4 2504
47 8210
36 1038
19 9655
10 6427
39 3939
57 6381
99 5622
86 7267
6 2377
65 7280
2 2021
61 6768
47 9763
52 2620
44 4960
68 3696
12 4498
75 9200
26 7330
85 7173
46 3186
83 3693
95 9497
69 303
98 975
37 1796
43 8295
44 2747
42 7155
54 5090
9 7764
29 1845
70 8245
35 2433
66 5687
77 5693
34 2539
93 4865
68 3840
28 7154
66 1510
43 2650
37 1838
47 1293
29 6099
83 1604
9 1131
24 8924
27 1617
81 5841
23 972
65 4059
26 5466
55 7057
16 6757
3 3286
42 1824
47 5174
10 3316
63 9945
88 4309
40 3517
36 3158
100 1898
73 7420
43 6930
47 7115
4 8703
98 7297
70 9648
93 2748
52 8971
57 8867
86 4647
17 9369
55 3522
70 279
66 6254
18 107
45 9873
45 7821
90 5610
80 7419
92 6500
78 6775
2 7041
29 1948
52 5606
26 8589
4 9775
93 6164
82 3754
45 7040
49 4804
50 3421
94 3428
86 9289
10 1125
19 5327
84 9949
54 6544
44 1250
37 3634
91 1708
69 5045
22 8870
56 8599
13 6644
25 4344
4 212
79 7898
100 3792
97 1058
98 5604
58 4952
16 9833
34 2931
97 8018
11 2862
15 9650
15 4570
67 9296
93 9197
9 6987
51 4199
86 5395
7 9702
52 3235
90 9231
8 9093
66 5346
91 3863
74 2577
55 229
17 9247
89 6654
62 1026
41 9148
97 273
23 2251
82 4231
89 288
47 1766
93 9131
45 5470
58 5336
96 5415
48 5671
27 1549
85 5252
59 6943
18 3816
46 4906
13 3910
50 4752
72 2637
68 386
73 9838
59 1983
16 6153
28 5196
84 5820
88 3450
48 2423
46 7299
41 2517
2 2333
26 1983
97 724
94 6968
95 6089
19 7623
53 778
40 6500
34 6327
94 9592
80 5808
79 856
3 2408
81 1653
2 5356
89 1710
33 8066
21 7074
70 3859
61 8136
30 7529
49 7277
88 5314
11 2023
9 9169
89 8990
95 8884
58 364
14 9056
40 6172
20 5925
21 6499
71 1330
95 2288
27 9260
68 8897
97 598
100 7589
77 5156
60 8844
93 3143
82 9088
52 9807
34 3834
98 6983
52 5926
7 4444
25 1854
83 2805
9 6658
95 1176
29 6268
5 4531
26 7886
38 2597
88 4773
79 5556
67 6937
19 6188
87 4599
13 2826
78 7369
23 5106
4 8878
40 6256
79 2111
80 7365
47 9070
96 7020
90 2440
70 2218
94 2952
29 5437
37 4101
41 1769
19 6961
79 1051
4 2243
84 7105
40 336
87 5089
70 7660
43 4292
5 3990
84 884
90 9487
7 6085
44 1270
50 5773
68 2802
14 737
56 4354
59 2956
39 2895
3 8824
30 8170
95 5648
26 5689
84 4380
72 2031
6 1993
89 8593
18 531
43 398
45 6143
9 6254
66 3616
86 3204
35 6098
97 6555
86 9164
37 8210
22 1862
62 9545
4 9531
52 1237
87 7985
80 3704
15 6414
82 7395
64 4530
84 7343
3 6192
75 3728
48 5948
18 1118
69 2898
54 2479
85 5898
15 5445
82 4726
4 3225
86 9152
79 6693
94 3002
18 957
11 632
40 2507
8 3305
45 2312
33 4887
22 8947
44 5551
8 614
53 1393
52 318
66 4483
67 7529
16 1362
14 7465
11 4005
13 4259
66 8850
69 1294
52 3687
77 9973
75 2771
56 8858
58 5700
43 4818
31 7865
77 789
37 4543
4 316
93 3744
31 1539
46 6240
72 949
38 4460
82 806
82 2284
66 2396
96 9111
42 6840
76 4947
48 7114
3 6664
53 1228
50 983
24 871
49 8066
30 8819
80 714
81 8814
92 1725
50 6634
53 7321
86 7641
81 4455
95 4904
29 2346
61 211
56 1432
22 46
16 5381
42 5317
5 4321
52 9106
93 1216
64 6073
60 8326
29 6385
72 1414
31 2875
39 8652
87 1770
47 288
17 6925
92 527
70 2136
70 4453
64 1049
99 436
30 8197
88 1186
10 8397
37 3778
97 4987
88 6452
82 6086
11 790
6 6780
87 5058
60 5411
32 1681
37 7878
16 7398
72 5767
59 2496
98 8205
32 9827
24 3475
15 8882
7 2723
79 265
99 5720
15 4366
68 9662
74 3687
69 5089
92 9109
62 483
11 4810
91 467
34 1565
44 2136
21 519
24 3166
47 9033
8 232
99 7412
38 2360
66 6012
34 7416
58 401
77 1641
18 7400
100 5726
40 7485
60 1578
90 696
93 6289
51 1446
46 989
25 7017
95 580
45 1961
40 7208
52 7195
46 9529
18 4569
66 3872
89 8065
10 4691
13 2430
42 6270
50 3631
61 8251
100 7228
63 5128
41 8852
66 5746
78 9282
77 2631
52 6343
44 4560
72 8153
88 9477
27 1239
16 5374
6 3699
78 6169
5 8593
12 3217
84 6300
61 2995
6 3849
67 7027
72 4365
89 8495
86 1312
73 3272
83 2362
67 8472
67 684
38 1027
66 4918
98 3917
62 9089
84 7596
86 658
35 6947
7 4092
92 9442
7 711
52 4737
29 4894
47 6902
84 8785
50 918
48 7064
8 9450
58 3273
8 1630
65 9027
87 9692
49 3210
33 1283
29 8133
85 8488
43 4664
87 1375
35 312
64 2620
40 1886
74 9676
3 8692
27 1033
65 8783
73 7495
36 1283
89 2975
36 3902
92 6769
95 8580
79 7220
84 7464
10 7369
2 2617
40 6518
66 1153
71 763
25 7562
71 8508
72 9091
50 7679
72 6191
39 2624
9 6151
34 8429
11 713
25 3373
64 9611
56 7922
4 9025
100 9462
36 514
12 1739
99 3833
45 6099
78 9383
43 9374
43 505
84 3539
4 2438
42 787
11 6367
73 1695
20 366
66 3939
62 2942
4 4712
49 1431
29 8833
22 6676
34 1919
95 7958
19 3918
11 6044
92 2316
57 6872
53 5051
83 2997
97 9697
85 6111
85 6133
40 8135
61 9080
68 7097
40 8261
2 5591
91 7970
50 8316
70 2654
79 1655
56 8540
87 2873
32 4663
21 7553
55 6158
42 1186
65 3993
36 6297
15 5331
95 3268
92 9016
96 2869
47 9738
99 1675
10 6567
98 9246
92 1082
98 479
57 7113
56 8490
77 8938
8 4195
88 9907
13 9340
70 4089
85 222
54 9546
27 2755
11 423
25 1320
43 4814
12 8052
73 9455
79 3216
2 3784
67 1302
49 3582
90 8604
10 8600
68 5962
72 6844
68 2762
39 669
99 7607
45 8788
41 3853
24 4751
49 6190
13 3326
84 620
42 741
13 3200
32 9535
3 5959
32 9096
12 5837
75 5926
22 7779
98 8979
76 2456
39 6226
63 2809
46 7385
70 8463
60 9332
33 8427
82 9653
81 2471
48 9153
61 4328
56 6591
99 7873
45 2995
49 3934
66 3821
30 3150
49 1382
69 4305
43 103
92 8463
72 6910
78 9000
7 9408
65 2283
81 1028
78 3135
98 1099
9 8959
31 3724
85 2459
81 2479
16 7364
28 3072
15 8293
22 7805
27 9684
13 7061
27 1900
35 8100
3 9275
6 5008
49 5564
13 2590
7 5236
16 5593
72 6909
91 4648
51 1583
70 4377
99 7151
73 9801
59 1675
21 6913
52 9870
60 9481
38 6399
3 8921
58 499
81 2708
42 5128
47 2889
98 6243
60 7359
94 2697
63 2328
96 9029
64 2292
34 8872
24 9623
96 7923
40 9934
35 3903
22 2740
54 798
58 1918
67 5369
32 9527
15 4732
37 3342
76 326
30 9664
8 4787
69 8280
67 9150
52 7565
61 6922
34 7406
75 191
12 5478
13 5705
67 5624
35 7570
20 7276
45 4628
41 2610
64 1626
18 9336
9 9203
11 1581
6 2669
33 9900
72 1983
56 4038
13 7590
63 568
73 2159
96 4234
52 7492
45 9492
8 2109
63 8486
70 2784
4 8767
74 3167
69 4255
68 4656
77 7802
48 3671
92 635
64 2271
33 4436
89 2372
68 8624
20 3598
73 4045
45 8094
70 9050
61 6240
3 8305
82 5429
82 6824
57 736
52 2423
24 8878
98 1935
96 8635
55 6318
90 2864
32 8753
66 5831
17 6237
94 6139
42 6419
80 257
17 9337
63 9331
92 6276
57 2882
95 1891
6 5627
23 5068
41 3327
23 4959
51 2818
94 2580
76 6173
71 6532
47 2806
50 8023
33 3137
77 9905
94 9539
98 4041
20 7057
56 5286
55 9410
87 1085
81 6079
77 3788
35 3237
43 9086
97 8775
72 4203
81 3449
58 2834
67 6454
41 4827
95 7395
73 2493
84 2135
91 2518
27 1399
44 6348
65 5248
58 4408
54 9533
84 1209
88 5326
27 449
21 7238
9 8758
28 9538
38 9110
76 2928
53 9008
6 1594
50 6876
89 843
51 5774
61 9046
29 5228
6 3494
97 5506
87 9968
72 6970
31 7965
11 6674
52 208
58 5467
87 879
99 459
92 7188
32 8772
19 5048
12 7463
3 7805
44 3215
97 8472
23 5179
85 1349
90 5809
7 9618
51 4565
61 6842
37 894
12 9196
78 7808
76 7937
45 4189
39 8484
14 7534
56 8506
86 1088
29 1809
29 5069
23 1060
13 2093
81 1301
22 659
97 9391
69 1349
62 5490
72 3247
24 5483
6 4371
76 5428
63 7826
50 3232
45 3057
75 5874
44 7655
90 2842
27 3730
19 5483
62 7804
9 8912
23 2806
5 7265
39 3463
55 9292
74 7796
8 4073
63 8139
9 4258
53 1002
32 4416
56 7983
88 3959
93 7801
89 7168
69 6818
22 7949
43 388
96 6198
35 1956
17 5819
88 3985
91 8477
83 6604
37 5748
11 8959
51 1008
76 3294
62 2182
19 4738
98 3043
58 8515
14 958
50 5772
85 3496
49 1146
54 2483
13 8894
70 7751
52 3746
84 6911
72 1156
79 502
19 8492
74 5098
54 1127
35 4280
90 9617
69 5991
85 7605
72 2479
83 637
96 8383
98 9566
38 2885
96 8425
28 4156
92 759
11 838
65 6113
57 9429
36 9643
82 5350
42 3502
93 3504
56 7867
26 9945
82 9539
90 4571
28 1141
23 3740
26 1355
42 8282
62 7564
45 8499
47 7491
13 1862
22 9496
55 7784
74 9682
21 6115
64 4835
77 5406
65 7476
18 4509
15 5233
77 6154
28 4455
82 6746
32 1940
55 3621
56 6779
15 7981
100 4956
93 6620
9 2917
39 1217
82 4620
8 7023
74 1410
22 4234
69 9621
92 6278
51 9615
96 383
98 7591
45 390
84 7096
66 6827
50 4130
50 3373
32 7529
96 5701
5 725
6 1529
65 8046
86 8633
11 2021
76 256
33 3106
76 8077
68 1793
48 6101
56 9076
13 9657
49 6175
76 4034
70 4959
29 2539
22 5063
8 9027
83 4437
96 9133
18 2717
76 7954
32 7292
74 8471
47 2907
48 3110
20 5607
67 1407
11 7057
18 1763
47 9281
3 4161
52 9438
4 5449
51 8960
11 8518
19 4098
27 7755
42 427
47 605
41 8817
22 9142
13 7596
4 8564
20 146
37 2274
38 8165
18 2939
36 4244
99 6573
19 8436
94 230
6 5680
83 9309
99 1494
13 5591
28 6087
32 2662
47 1360
36 8639
89 8494
58 7699
17 8151
44 1562
20 2452
61 1944
28 7796
97 9825
13 8619
32 6884
14 9252
93 5890
75 7093
82 4294
86 2756
70 3072
100 2799
25 4555
89 9297
22 9575
92 376
32 7090
49 6515
18 9229
55 5521
99 5196
44 8092
87 6092
75 8347
20 548
28 8184
92 3834
6 7924
43 7586
56 3153
54 3440
66 8716
77 9949
97 1570
94 7327
95 9650
75 2150
2 3699
49 7491
32 7463
84 8577
75 9222
59 6725
64 1883
37 4801
12 3558
33 1226
23 8238
74 2280
61 9827
32 4399
12 3357
85 8462
55 387
79 6982
2 6981
69 1316
46 5180
26 3579
12 931
24 564
69 7528
49 8243
15 6388
33 2668
100 9377
66 6818
62 9244
5 1436
66 8871
28 8537
79 3843
28 7640
100 3102
98 9471
82 6957
43 7345
50 4336
16 6624
57 523
22 9390
38 7949
66 4979
57 1684
8 2149
7 1809
85 6788
2 570
73 2585
28 7869
71 7428
96 2855
14 5171
86 5035
24 9673
14 5961
12 5329
94 8977
93 8576
20 8285
18 6607
21 6269
40 7647
62 3367
94 1555
11 5515
41 7972
44 768
42 4095
63 6702
17 1210
77 1980
57 889
57 6606
46 3084
90 9647
42 5732
88 9211
61 4052
7 7874
2 2191
76 3300
15 4269
71 4458
85 5834
47 7585
10 2508
62 261
41 7932
7 8511
56 9456
75 6661
59 8670
67 4327
67 784
96 822
29 7262
79 2657
90 5800
29 3806
36 5712
56 1539
26 6361
16 4938
9 3991
81 6396
92 2563
85 2999
62 6776
86 5420
27 8332
84 4907
57 5494
51 2473
14 9214
4 4133
79 3208
48 6926
36 7588
3 7445
84 478
26 354
13 3193
45 8163
64 871
98 6110
40 8688
91 6839
64 579
20 4725
21 6816
22 8758
67 599
96 4671
99 632
42 4877
13 4404
92 5242
7 9046
90 9586
50 9319
67 7255
70 4158
91 7524
52 3668
2 8954
36 9831
91 3894
42 525
43 1745
85 2158
76 6460
54 4914
15 7345
30 7776
89 1788
35 8800
50 6037
27 9795
53 5053
47 1355
86 558
88 775
98 5494
7 5908
88 3196
24 1915
72 7017
66 2755
38 1862
70 3267
57 4532
68 4926
82 4799
24 6629
75 3443
75 3628
56 6622
23 9642
6 3904
82 9184
81 7308
29 2657
72 4985
73 9229
96 2060
89 2434
4 7772
54 4112
29 8604
4 1821
73 3392
7 7243
24 5438
34 4713
96 5462
99 9095
10 9014
68 715
13 6115
95 1721
3 6785
99 3986
86 3631
37 4201
39 9098
43 5997
2 8687
4 5839
79 2701
58 9439
98 8244
68 9248
82 6549
92 3987
56 8835
14 7063
90 4957
63 469
69 1471
46 4251
4 9354
20 9630
33 8153
98 5575
6 1121
73 1937
62 7489
46 5232
37 6192
21 1108
73 9784
59 7507
20 7789
14 6681
95 3372
3 1210
14 3579
50 6049
32 6376
53 5844
54 7554
12 7415
19 3161
33 4105
99 6840
57 463
31 1566
34 3767
8 7906
15 8272
63 6916
24 5822
77 539
54 276
70 9875
36 488
62 5429
8 4993
57 6340
54 1000
16 7490
91 3063
59 4849
61 4597
18 6259
55 6926
79 7130
17 9746
95 2404
90 7766
53 2247
16 5060
43 496
99 489
54 2490
21 3737
70 3265
91 4110
60 2833
55 215
29 570
2 1914
80 1545
81 9904
63 2141
65 8121
56 2489
87 7867
41 2514
49 7222
15 957
34 4125
81 8006
13 5139
17 6601
82 5103
47 469
25 9656
95 1103
83 3581
92 6554
10 5947
61 3961
63 1485
77 6791
87 4954
40 4286
18 8732
43 7182
46 489
48 7138
28 5432
16 861
13 5307
67 1169
69 5021
34 748
22 7423
23 4325
50 3664
98 6207
59 533
98 5120
2 3787
46 1000
51 5039
2 2009
72 9275
27 1557
5 800
42 2858
22 80
56 3127
17 2054
6 6982
26 134
96 7381
97 2338
73 5047
12 8033
15 4309
66 4033
88 4544
38 5054
35 9375
64 1798
72 2098
88 1909
60 686
98 2652
80 1644
70 2619
19 2952
15 6835
2 184
84 1310
8 465
39 6144
91 925
92 5818
96 1202
46 1525
96 1022
49 4935
89 936
53 698
42 2190
9 820
81 6557
89 1065
40 4806
80 8060
77 1978
85 5273
63 356
97 5395
28 1116
8 7690
79 8373
88 771
98 369
95 3230
10 1786
65 3194
96 1963
73 9421
87 2613
71 9507
72 7121
52 3062
24 6612
87 2423
98 2741
67 9507
48 2920
45 8750
81 9123
30 4639
6 8762
61 5519
66 3353
43 9647
53 9644
49 9670
49 7613
92 7746
64 6283
39 4732
86 7428
31 3198
45 4680
74 772
45 793
79 4303
87 2371
76 2194
75 7075
83 1558
25 9698
66 7185
19 1601
55 7105
86 8888
53 8692
38 9946
57 1031
7 7368
67 8939
19 7018
32 6992
64 3760
2 816
89 9780
79 843
38 3078
24 6611
94 8221
5 4047
87 7572
68 8532
91 5642
36 8166
69 2120
28 1404
2 9257
88 6024
66 6596
86 3711
18 5907
51 6080
51 3294
5 8297
4 1998
53 5112
23 7103
20 9665
73 7344
57 7416
84 4812
16 9470
77 4528
58 9530
85 2228
24 1006
98 9519
84 4684
84 7212
6 7278
66 8088
55 214
10 9470
42 7346
100 7667
71 2965
18 6323
37 3394
74 9570
25 680
34 3976
75 3152
26 4238
57 376
70 4479
63 277
51 5611
8 556
16 6065
98 7837
93 2158
9 8470
75 2616
15 2204
59 6797
78 4402
95 7844
58 7930
39 3167
27 1716
43 1697
38 2144
51 3997
32 4287
94 2937
97 1691
27 4564
39 8750
22 340
57 7648
72 1659
82 6057
86 8431
67 6193
56 6360
12 2121
4 1332
100 8764
65 3208
89 493
14 7261
19 1929
42 8939
63 3374
75 4273
69 9080
80 6657
83 8266
55 2236
13 5866
24 76
58 7663
30 2978
44 9338
27 3031
20 8919
75 339
80 2780
68 617
36 192
44 3418
31 5875
19 61
35 6319
4 9333
11 5026
48 8154
83 5498
89 7266
65 4287
6 5744
89 3320
49 9759
2 6830
89 2855
57 7259
43 8821
53 7577
25 3393
44 3590
80 648
58 7548
47 8985
68 3384
13 9894
3 1688
41 6782
19 3220
39 1950
82 4235
10 3176
6 3249
72 4334
21 6918
2 3443
89 5006
2 181
78 5307
84 1045
2 1294
88 5610
32 2132
54 6239
34 5818
57 5634
53 9754
66 3572
69 5588
30 5266
88 4030
64 8370
41 4235
24 6448
10 8894
97 5619
62 2428
63 7610
42 8953
94 5649
66 1874
29 3529
57 4669
99 2687
53 536
45 5932
51 6805
13 8687
78 834
94 3924
73 8594
61 5208
45 1009
58 5909
74 5596
92 5144
61 7505
26 4284
50 3426
63 6892
98 1783
6 3251
6 8914
29 3821
42 9388
12 1304
63 4793
95 8354
70 194
97 3881
56 5504
76 9028
29 9838
5 2006
48 7125
9 975
95 4293
63 8439
85 8660
82 8155
82 9153
55 6584
35 8265
7 4881
54 4530
93 1634
23 5318
13 4590
60 3640
9 103
35 3747
28 1100
75 7592
67 306
42 9912
68 7381
34 6973
11 8268
52 9574
74 4101
75 910
73 772
78 381
34 2783
52 6846
39 4776
21 7593
81 9368
68 7934
87 6921
49 6608
13 972
58 2559
23 6200
67 2352
8 4676
61 7551
85 6962
16 7804
53 2522
29 7092
19 9591
96 8460
24 6727
78 4532
88 3055
57 6566
56 6680
43 8696
15 806
26 4564
28 9227
41 1715
44 6772
35 6324
21 7984
75 3459
67 7510
32 7940
17 2483
41 3911
31 5337
78 6579
60 6899
42 3275
39 7856
69 7287
27 3566
77 3654
2 5832
90 739
13 1002
94 9540
44 7447
29 2186
33 1925
47 280
35 4807
60 1246
85 3232
11 2235
77 9171
28 7200
5 1158
56 7480
43 2288
70 8647
97 6167
21 9791
11 7010
5 6154
56 2652
62 9758
91 3086
21 9179
29 2378
6 946
19 1038
45 6872
45 1624
19 9525
26 8129
15 1799
70 1288
15 2139
41 4088
14 7060
57 3394
66 9378
43 1578
98 6931
75 8012
34 7864
22 9828
67 7555
91 2482
34 3794
24 7308
4 2164
7 6793
62 3184
31 4183
96 2932
46 5466
90 7598
70 8105
56 6132
82 1761
82 9357
34 5221
52 2570
46 8420
23 3571
13 9905
90 8337
3 3081
40 1073
98 5273
69 7965
62 1262
65 246
58 6034
87 6566
40 8326
42 3435
16 7683
13 6986
93 9799
45 6136
66 7447
28 1075
29 4323
2 701
81 9726
45 4063
48 276
38 6990
24 2937
64 9087
30 2234
5 5075
11 6775
52 2590
49 7601
50 2135
22 8619
98 2937
66 9980
54 6536
78 7837
48 9419
9 4463
46 375
95 3970
28 600
75 910
84 7419
87 4683
95 1415
8 1461
65 7602
87 274
10 6272
13 3230
90 6035
44 5535
31 4464
33 3213
3 3890
12 3986
39 3778
63 3647
92 5693
20 3764
53 2602
90 6957
36 2043
5 7463
79 7248
95 7424
46 2144
75 4264
40 8835
44 9609
79 387
44 6246
60 7833
28 6917
10 1244
14 7723
9 1167
73 5588
51 2157
69 3777
93 1995
6 6681
63 414
16 8537
8 7349
29 8330
91 3325
84 4886
5 5671
2 9771
98 7685
88 5695
36 5282
75 3700
46 5040
37 3133
72 4544
27 9160
31 5247
24 6022
74 1997
33 4159
38 6864
20 6402
32 6990
3 4906
41 7618
44 9299
79 9327
62 4527
96 8380
37 4474
10 488
40 1736
71 4834
34 5508
90 1178
77 1940
81 9487
93 1318
70 4995
5 2744
7 1620
91 1707
84 3411
78 1400
85 9416
24 4561
46 1599
71 3427
4 6276
8 8833
24 8186
78 9231
32 6639
76 1008
91 9231
67 5835
59 4683
92 3544
95 9153
85 518
64 616
38 9028
76 5669
28 2731
66 5339
18 2744
2 9852
37 5962
22 3310
100 5274
36 7572
31 2292
41 5153
28 8294
25 375
42 6644
5 5086
97 3306
76 5902
8 3037
56 184
45 3341
10 7756
63 9525
28 3893
13 5439
53 5465
18 7890
58 2317
95 436
80 5306
28 2718
99 3228
49 6929
82 8437
35 7499
77 3952
22 1232
46 1270
96 915
61 8063
77 1116
27 2444
6 564
7 3958
22 5724
74 5180
92 8544
65 6956
62 4900
60 5254
21 7196
100 7691
11 9639
68 3149
25 6522
79 1024
56 7558
56 3862
25 5917
94 2947
37 321
98 9965
79 9525
44 7945
62 9727
95 710
45 287
87 1051
59 5299
55 6882
67 8963
17 9807
9 9738
4 9415
30 1673
99 2454
53 8563
50 2265
63 4826
55 2313
54 9234
57 2380
49 4239
28 4462
85 5034
67 1734
17 8260
53 3885
55 5510
59 831
45 9313
30 7264
13 123
47 1766
53 4544
71 1085
26 4211
98 1721
83 3614
93 691
93 572
7 6674
82 7697
8 1179
65 9738
6 7174
32 3548
24 5923
35 8106
71 8929
46 4028
62 763
23 1887
46 9574
36 6950
83 9612
58 8856
87 8324
47 1528
35 7366
60 5170
4 360
87 1280
37 9791
55 7588
2 4385
81 7896
49 6110
12 8669
75 3301
13 3624
28 4737
98 3907
73 9106
57 6868
63 7313
97 7259
2 2805
2 6784
50 4066
13 212
15 2078
98 2384
81 2413
28 9374
30 6007
21 4879
19 7366
42 2564
70 5118
38 7623
24 9811
48 7883
51 1862
85 7775
26 149
62 2965
34 9915
31 6963
43 7530
90 3076
39 4874
83 4142
3 5543
69 6386
83 946
19 7436
79 5174
86 4310
78 7025
49 4015
44 532
78 9733
59 6046
17 861
48 6116
9 8217
5 5129
38 2238
27 7416
71 3374
25 2666
19 2476
88 936
74 9967
87 1816
96 2237
32 4876
86 8551
73 1914
55 3189
47 9801
88 2488
6 858
42 3985
22 9496
65 3269
27 9675
28 1585
75 4628
51 1638
57 6383
9 2140
92 7240
68 4298
94 2203
8 8320
12 6231
22 8249
4 3251
96 388
21 6395
57 7090
6 8379
94 3957
17 4594
27 5935
46 9659
96 5929
79 4841
10 3163
34 8845
9 9229
64 1582
45 3577
48 1478
72 7004
24 6293
11 1738
71 8488
44 5868
22 1233
98 4723
48 1071
79 8370
44 1477
75 1287
51 902
24 5940
29 6231
14 6009
34 6413
12 5596
50 937
86 9008
55 5128
88 3067
92 741
58 6990
94 7577
81 6970
81 861
91 6248
45 6846
47 1792
61 9550
15 2577
14 2973
35 7859
69 4227
36 6157
21 4499
4 1180
6 7141
37 558
100 2742
85 550
97 882
7 3703
97 3888
64 9617
8 3370
80 6172
94 5572
42 9017
48 3883
75 4401
90 2931
13 2317
59 4461
65 6578
13 2098
2 9692
81 9244
12 2238
43 8868
62 8725
94 1078
67 2151
42 7036
39 1453
62 5131
67 4236
9 3219
34 1251
48 282
93 422
13 3598
48 5558
56 3202
67 9349
10 6223
30 533
14 1934
86 9725
15 6681
23 348
2 44
46 373
74 3303
29 9397
69 9678
36 8420
4 6333
33 3678
55 9501
97 1934
19 3615
94 3489
98 2603
67 4637
45 6671
84 2289
76 6680
41 700
47 9747
29 9511
97 3377
8 5189
49 9871
36 2318
11 1661
21 2301
36 7749
39 6047
39 5837
82 1090
91 7846
16 2002
68 2316
25 1141
89 8318
87 7055
51 2925
35 9778
32 6612
66 7397
9 6878
20 6145
63 9274
21 9631
82 2871
100 3934
66 7249
62 3937
28 2366
53 7007
36 4651
43 2907
89 995
36 1938
73 6484
64 5751
15 4717
86 4122
11 5080
91 726
24 4584
89 7805
40 9932
31 8703
83 9195
29 9959
13 3242
32 4833
37 9870
13 1368
5 8980
95 989
93 9790
56 2183
10 3909
42 4920
18 9556
96 3880
61 5699
15 7273
67 4793
78 545
38 3335
43 778
89 8154
36 5714
21 4802
97 8641
88 241
84 7358
50 2142
15 5680
68 9065
82 6690
35 2480
59 519
65 3058
82 3651
10 1187
62 8407
20 3959
6 9341
39 8532
12 8241
18 1762
75 4432
80 4804
54 3035
29 9285
57 5253
41 8312
41 4452
6 2515
80 8783
96 7489
80 3436
31 6271
72 431
57 2636
15 1027
77 5177
17 2970
5 8764
2 2484
84 1607
77 8082
42 3058
19 1880
60 1170
22 1007
4 2283
55 6753
84 5990
94 4772
54 9294
30 8559
15 8945
27 8828
44 9818
45 1414
55 4172
90 7900
25 4725
39 4767
26 9458
96 8800
54 5659
88 4349
66 7678
79 3422
88 4747
75 6989
100 9840
47 7318
16 2973
71 2308
97 6620
48 3230
96 7754
15 7352
11 9672
20 2558
42 1783
35 6158
42 2653
43 3177
32 2103
23 1624
79 9425
49 3977
87 5909
39 193
46 327
2 9249
78 1461
83 9467
7 1880
94 6149
37 398
17 2587
57 9337
9 5020
70 9348
61 9464
31 5684
100 2913
51 8040
58 8346
9 3359
72 927
86 7179
45 1135
86 3379
80 2922
38 7158
97 7129
23 453
74 5480
56 4262
87 7284
74 4276
21 2495
61 7919
52 5215
55 3826
39 2672
6 5030
7 6756
4 5474
29 5444
45 2425
80 2839
26 4039
45 1456
91 2982
30 9982
4 4758
69 9074
3 6596
57 8515
18 431
97 2055
70 312
81 3605
3 3577
97 5437
18 2596
22 7694
34 9433
73 5950
82 1764
18 844
85 5061
96 1876
43 3288
3 1911
61 9703
87 3567
44 3751
73 1489
33 4540
16 4619
63 6190
58 4684
89 6133
14 630
33 4085
27 1087
91 3773
20 7070
26 836
96 7061
21 1538
80 4756
64 1847
53 9737
55 6597
50 9010
14 3023
53 8881
78 2446
99 5604
22 1909
12 4895
2 6258
66 2400
83 6841
21 1285
84 7379
38 6706
85 3829
89 3975
3 1080
13 279
8 4425
90 673
21 9734
29 2908
86 6123
19 1714
83 8386
6 6221
48 7808
13 6889
56 1969
68 2720
36 5835
81 2968
66 8933
85 3919
4 6962
25 1917
65 3455
50 3957
36 6390
80 5103
71 4682
49 1950
88 5415
99 5048
50 7634
93 7541
70 9045
98 7830
91 7761
24 8457
90 2507
87 1425
75 9452
43 5988
9 9094
27 1919
51 1823
12 5038
72 9813
15 7758
81 999
12 6541
44 5804
2 6782
15 2482
80 1836
45 6923
43 2305
26 4880
79 7964
93 5686
39 240
88 5791
80 1130
56 2094
40 2984
37 2761
50 9893
79 2588
7 894
76 3680
41 7030
17 3752
51 7948
81 9916
84 598
42 1567
33 2843
2 9728
57 3461
21 1011
95 5340
30 9972
94 8657
84 3790
46 7221
39 3942
56 3310
35 2490
28 9819
71 7009
7 7134
53 4943
73 9457
81 3354
15 8642
95 2583
28 6054
36 2739
99 5137
6 6578
36 9546
69 7784
21 1539
11 6075
98 7938
9 7548
32 9091
71 3415
78 1037
77 7214
13 4024
86 3811
31 3908
80 3987
43 4690
34 7427
67 9107
22 8567
83 2483
77 9689
23 1101
17 6032
77 986
22 9807
9 6026
71 5902
45 3593
7 1964
91 9614
83 7425
42 2703
85 5115
52 6589
22 9036
18 824
52 5759
49 3231
60 784
71 342
83 368
41 3713
10 7278
81 1883
28 6337
89 8794
69 7718
78 2290
44 4019
78 6112
10 3373
75 9666
65 9440
67 6222
53 4288
76 2294
52 4143
17 2962
41 9409
5 4623
14 4423
97 4087
4 9719
47 9761
85 8232
14 6159
86 2682
19 9360
83 3933
52 5819
43 9477
48 9419
5 28
23 860
18 4437
73 6383
99 4753
49 1140
90 3194
92 4628
74 2051
73 1497
49 8455
41 1557
32 5133
54 2031
77 6441
69 6924
24 563
26 7890
87 6586
71 4952
43 3043
19 1757
67 3625
71 975
5 1376
97 8782
60 1342
34 6245
20 8917
28 891
7 3056
88 5507
21 656
77 8723
50 5627
56 7232
87 6285
19 9053
20 3358
40 1115
99 5932
71 5133
59 9858
91 4999
74 4862
15 159
49 5954
17 3676
83 7288
15 786
37 7985
57 653
29 3588
51 5910
16 6598
22 6922
17 2531
74 4842
45 6547
68 2028
33 7079
19 2906
83 8822
36 9974
60 7749
79 5440
73 788
90 9826
10 9544
77 5204
19 8254
24 8423
68 8153
31 508
48 4646
18 9402
12 2515
16 1514
91 8517
37 5732
91 8826
44 6475
53 7255
83 272
83 1365
73 9228
99 9717
31 3853
15 4360
29 1691
79 1217
44 2588
63 7421
91 3877
32 216
27 7712
74 7206
7 9077
24 3243
47 1508
97 950
2 9026
73 6271
15 719
34 1676
90 2774
63 9662
94 8449
9 5453
41 3310
34 5821
15 4407
16 6701
9 6326
70 7712
99 1121
8 3130
49 8606
16 6992
31 5989
80 4069
66 403
23 4116
77 4771
8 9830
32 1449
39 2556
49 9514
24 6118
58 8200
55 1422
97 5533
3 2794
64 940
29 2193
46 5492
2 6720
53 6206
98 7000
14 163
19 5469
25 5613
3 3933
54 5207
26 2020
10 3027
98 6277
86 9976
73 9818
3 7928
64 7126
48 7000
39 1531
95 3092
92 5121
70 3959
50 9490
31 361
69 2475
62 6763
73 9829
14 9596
66 7270
56 2944
50 6590
44 2606
48 7809
45 9501
14 8321
34 5677
12 4451
57 9906
86 3199
64 6095
66 4446
97 4392
31 6906
44 9807
74 3539
30 6378
31 1733
97 5185
47 4006
4 6708
35 8370
88 3200
70 6067
74 7803
57 7771
33 5962
30 8211
48 2628
67 1072
82 2737
8 6178
63 5262
77 4849
62 2944
74 4171
93 6358
97 2610
86 3684
3 3069
86 6758
45 3511
66 9676
92 844
83 9277
16 9483
42 8884
4 3218
30 3751
50 9739
28 809
54 4614
62 633
96 2338
20 291
94 8669
38 701
49 5290
12 382
97 3275
5 7264
41 176
6 3164
9 884
14 2102
86 2629
4 919
64 2863
92 4852
28 3033
27 7648
65 4897
70 2994
43 8819
5 3293
54 6319
23 802
97 4015
14 7171
72 2304
74 9075
2 7609
90 933
86 8156
37 2798
90 6595
91 7824
54 2006
44 2577
16 9553
49 6390
89 5735
70 3078
81 5006
42 2019
85 2274
63 1637
59 7780
62 9220
90 1772
29 7568
42 9742
15 599
72 6504
36 3541
95 4545
12 3785
77 5297
35 1542
2 7562
4 8103
79 220
87 5482
74 9616
5 7125
48 7701
48 6865
53 1303
77 847
4 7925
70 8963
76 2963
6 8038
34 9318
46 4819
18 9923
87 4717
31 3148
74 6449
45 5984
63 6888
83 1196
40 3340
8 7016
89 483
34 2405
41 3739
92 3082
80 5131
26 2740
47 1533
63 8347
62 7567
71 5456
76 8453
49 8861
10 8341
28 9674
8 9257
40 5674
42 5242
21 8376
98 4817
2 5214
72 6592
6 1311
36 996
79 8075
20 7266
69 6959
7 3995
89 5941
52 3950
11 7962
47 6317
28 6311
94 6216
71 6295
92 6579
48 4525
68 8772
88 5896
50 6914
50 5304
51 7353
98 4145
11 2860
84 1617
49 4371
98 6487
59 3999
25 7779
32 2298
54 3084
76 7566
35 8702
74 1025
57 2820
67 6735
91 9191
4 9251
60 3860
94 362
14 8730
85 8725
4 9531
15 8284
85 6305
97 2324
55 3622
58 550
28 1095
28 4130
70 1357
50 2038
66 6017
38 7049
97 9522
78 461
61 5653
24 4751
12 5481
2 7711
64 1877
13 8472
97 9294
62 3986
19 7703
28 8146
36 6858
89 2007
27 1400
81 6155
50 7656
97 7092
3 4470
69 2349
94 3987
85 9351
4 7700
69 9883
44 6099
69 1444
71 2615
55 4616
54 8625
69 1820
31 9104
55 3337
37 2097
64 5429
28 6677
18 3677
50 2250
94 3217
29 4211
64 8476
41 9421
23 5094
23 4281
32 4128
57 8014
96 9097
45 8378
3 8292
79 7854
11 8716
30 3567
63 5162
12 9728
45 410
90 7899
15 3633
22 9371
90 3483
7 2542
71 4707
53 5502
3 8697
56 5004
72 7465
22 2192
50 8774
51 4190
15 8086
8 1945
15 3608
10 287
5 9093
54 4768
39 6743
74 4482
91 7676
3 6479
14 8396
34 4799
56 9031
77 3239
28 4624
11 7341
92 1878
9 3935
13 2893
11 7782
80 9977
3 3944
71 778
52 5421
83 2683
4 3296
69 5482
21 3289
19 7811
9 2717
95 6334
37 6388
66 8464
13 209
24 255
37 4941
87 8180
68 1829
68 2971
4 3227
50 205
36 5521
44 4655
62 6914
81 3477
81 2178
26 7106
47 463
54 661
28 4240
20 6783
56 3409
57 1317
28 9891
24 4970
46 5524
3 6736
20 430
3 7857
12 2485
15 2747
41 3732
95 1704
54 197
14 260
93 1361
70 362
84 6474
72 6214
8 5197
33 9330
68 4082
52 8313
43 8133
41 9232
74 2680
80 8663
73 8927
14 6044
53 2942
8 4084
95 1280
61 1234
72 748
32 7409
97 6524
82 8084
49 9947
54 2191
6 5595
75 8594
31 3414
37 6775
9 4392
56 5060
61 7927
12 8099
41 231
39 6831
62 2538
72 9401
4 385
98 4621
14 6945
45 2680
65 4014
37 8948
66 3570
35 7855
100 9185
22 7142
48 1833
76 6853
39 8013
91 409
100 3177
14 799
31 3854
34 9617
99 8435
91 2585
28 9435
31 7677
67 6155
16 4914
39 5719
29 558
39 1318
93 9632
16 1043
89 6705
29 7044
11 2174
31 5814
6 7149
25 9215
31 8415
21 5362
23 9390
98 8194
67 1998
37 6075
96 6495
17 4779
20 4774
17 9879
84 7747
97 2652
53 8670
60 7944
62 9811
85 498
36 8536
100 5047
48 6390
78 3499
80 3417
85 3260
11 7715
18 9971
16 6369
47 2873
89 7997
7 8311
85 1318
62 5656
49 3796
7 6591
2 7386
21 2506
70 2471
40 6629
17 5247
83 4213
26 5182
39 4986
80 6186
91 5703
57 1304
88 9971
47 5612
76 8268
28 479
46 2800
61 7522
97 2979
28 2752
94 2818
45 1522
87 9342
35 6407
35 6074
31 1311
36 720
19 5816
5 1157
62 6357
7 7609
30 2314
38 8446
50 8635
80 7829
46 8900
33 1698
12 1801
24 7285
85 6598
96 4744
60 9296
40 3467
33 4726
62 4341
19 8621
61 2640
67 8259
60 3813
66 9076
59 7113
68 7539
67 5713
5 9795
61 5548
93 6255
67 2327
66 8346
33 7672
19 8670
34 7382
14 5989
89 6621
37 6330
7 3327
19 7720
89 4796
49 3318
51 3982
41 5836
47 4716
64 6821
56 8628
86 4672
44 8318
33 7926
11 292
94 2107
84 3760
19 9614
73 3383
48 6536
26 5957
100 5380
85 7053
72 4197
98 9625
29 7933
39 8395
75 9115
19 6539
56 3061
13 2219
96 334
59 198
10 197
65 6173
58 4049
79 8458
95 3543
83 4413
8 2418
78 1260
61 7183
99 710
56 2132
76 8394
100 9287
62 5062
37 566
77 8379
26 3342
75 2263
66 5215
65 1871
65 2217
30 979
95 3067
60 436
35 6601
99 6958
70 4555
30 8791
24 2220
74 7450
49 6125
14 500
42 3255
4 5264
25 6438
49 2148
79 6352
77 9366
10 3403
88 4694
6 487
35 303
82 8325
2 6793
51 2774
23 6724
71 7061
95 3930
15 5272
39 5211
49 9101
96 2759
75 9760
83 827
68 2677
100 3296
23 2058
56 6471
88 6372
75 1703
17 4331
49 9367
96 935
15 7782
3 5255
7 8575
25 8159
41 9365
31 6837
45 5788
36 8192
64 6750
19 4020
46 4279
82 6349
92 1551
17 2032
39 9869
87 5297
51 4019
80 3289
35 5608
8 4755
41 5913
99 7897
44 4545
52 6898
58 3984
52 4948
9 5471
29 7127
38 7702
28 1837
8 788
35 7924
77 5020
50 1520
100 2369
59 8852
24 7869
30 769
49 546
39 4587
63 3206
73 6216
52 3256
83 5046
94 9110
91 8270
76 824
82 8308
25 3067
70 2629
65 4817
25 7941
2 881
6 3818
25 9351
50 1466
80 7443
78 9567
27 7007
6 6818
84 3410
84 1604
36 5690
36 9481
78 8260
63 9564
75 8006
85 372
62 4667
68 7127
19 7005
29 6600
17 797
89 1031
69 6606
54 6921
78 6146
73 4052
81 8685
33 8912
