100
3 6577
4 5470
3 2136
13 9959
14 3884
17 7351
5 6500
7 9572
6 4504
16 8513
23 7963
5 7044
6 8856
22 5632
11 4275
10 5158
6 7478
21 9905
23 8737
2 9662
20 8841
23 8401
13 5700
3 5197
22 5837
15 5606
2 5597
3 5305
23 7175
14 5935
23 8214
17 4819
15 6802
18 5963
18 7491
12 9823
17 8671
13 9778
16 5043
21 8440
7 4174
17 6763
18 9448
3 4698
7 5265
10 6164
5 2158
4 6417
18 9577
7 3220
6 8531
14 9856
13 6570
14 3105
19 8904
17 6673
13 3756
21 5646
8 4347
14 6807
8 3085
8 3331
13 4552
19 6420
11 6835
11 7152
8 2457
3 3147
3 8539
23 5735
18 7570
5 8577
20 7240
14 4922
12 7882
15 8776
16 5716
8 3700
9 6330
19 6605
9 9234
4 1161
11 6144
4 7452
13 5979
16 7984
23 6193
7 6585
15 5603
6 8744
2 5583
17 5239
4 8070
17 8262
12 4259
20 5078
9 5483
6 7134
23 9816
12 5109
