20 300
11 9
13 6
10 4
19 8
5 16
19 1
1 13
8 11
3 17
9 6
1 15
18 9
3 19
18 9
8 18
13 16
9 3
17 8
4 9
3 16
13 8
3 17
19 10
20 10
3 8
12 1
20 6
19 8
14 10
8 4
12 14
12 3
17 6
15 20
4 17
7 10
13 20
5 8
12 5
14 11
10 16
1 7
17 20
1 19
19 2
19 13
20 12
19 10
1 5
17 3
20 19
9 15
10 13
14 11
5 10
11 12
20 12
18 6
14 10
13 17
3 15
9 1
17 10
18 4
14 8
4 8
1 10
1 11
11 1
7 15
11 5
3 20
8 2
1 6
5 1
5 17
15 6
19 5
11 18
15 20
19 5
20 15
18 3
19 9
11 3
10 20
6 1
2 17
12 20
12 11
1 12
14 2
17 10
14 6
1 3
4 5
18 3
10 14
1 9
2 13
15 12
17 2
13 2
10 18
3 18
2 17
14 3
19 20
5 15
3 12
8 5
7 9
11 20
12 17
20 4
10 1
12 18
12 3
7 8
3 14
3 15
18 5
16 4
11 9
18 7
7 12
8 11
2 19
15 1
13 10
19 15
17 6
6 2
5 7
9 8
1 8
4 5
5 9
8 16
1 15
1 17
11 4
7 17
13 10
6 11
5 8
16 7
15 16
20 15
2 14
8 7
15 6
5 3
13 4
17 1
13 14
15 18
1 11
3 18
15 10
6 5
17 2
7 17
1 3
8 6
2 9
19 15
9 17
1 13
19 8
20 15
6 5
9 11
10 5
4 1
17 16
15 17
6 7
2 13
14 3
19 16
7 10
9 13
3 6
12 6
3 18
3 7
7 2
3 12
20 11
20 8
11 8
10 13
3 12
19 11
2 6
16 5
12 17
14 7
19 4
8 19
19 15
19 7
9 20
8 10
9 11
4 3
3 16
1 17
11 4
17 10
14 12
6 13
2 15
12 1
19 13
17 9
5 19
8 2
5 13
3 4
3 19
4 16
8 9
2 3
5 2
14 18
10 13
11 4
16 14
15 18
16 7
2 9
9 18
7 18
13 19
7 3
18 10
9 5
20 1
12 1
20 6
8 11
20 9
19 15
19 20
2 9
14 11
8 16
18 7
1 13
11 19
20 6
12 17
6 2
1 8
10 1
13 16
20 4
20 12
5 1
6 17
1 14
8 1
2 13
19 3
17 11
6 3
12 5
4 9
15 8
10 9
19 9
16 1
5 6
13 1
2 9
14 17
2 1
2 13
19 6
11 13
17 18
19 9
5 6
1 19
15 10
12 20
3 8
20 3
2 20
1 13
4 8
8 13
4 14
6 14
20 19
13 7
2 16
17 20
