200 10000
192 93
11 51
173 193
73 58
194 88
47 192
4 182
143 32
200 134
27 124
109 9
81 15
87 149
136 193
127 32
14 62
43 54
147 193
43 95
2 46
123 109
65 110
112 135
187 101
7 6
123 89
147 91
2 120
87 43
82 20
134 48
117 119
106 104
82 74
174 123
51 58
198 104
107 155
91 16
90 26
152 176
32 104
16 180
191 131
121 154
32 31
21 36
41 146
88 181
154 35
178 135
31 139
135 29
32 146
82 20
99 194
129 21
195 7
100 78
152 166
74 31
190 138
65 47
182 84
176 121
190 48
183 142
74 133
132 91
169 14
74 133
24 84
182 198
175 10
166 88
1 112
109 181
64 56
139 84
115 173
100 169
120 77
117 156
150 136
123 167
146 195
135 168
175 137
3 141
20 141
118 18
89 169
48 59
69 130
50 161
67 15
100 154
60 177
28 38
73 3
10 4
147 161
128 185
38 159
43 104
5 168
154 81
157 197
99 104
135 85
132 177
54 17
4 79
104 186
56 15
108 29
170 168
162 47
2 76
76 121
168 50
91 142
15 27
165 84
68 164
38 200
45 53
111 51
34 170
143 150
118 33
186 146
180 186
118 21
151 54
139 172
125 137
13 129
31 174
196 25
50 80
121 13
24 88
148 72
129 111
20 132
151 19
18 26
3 133
59 21
45 151
118 93
49 178
161 64
2 119
70 6
77 60
188 140
146 144
96 93
65 6
51 200
106 134
13 195
81 49
133 167
192 120
177 92
154 73
10 130
191 198
129 104
70 125
189 174
162 23
193 42
71 63
71 156
197 6
154 5
190 58
40 64
189 46
79 176
112 191
180 45
58 47
73 12
143 33
159 183
114 53
111 41
9 125
10 20
38 116
18 129
83 57
94 52
15 146
197 123
178 174
130 49
47 119
84 69
14 105
92 191
24 4
50 135
33 122
126 97
148 30
173 194
163 78
64 100
70 169
12 109
127 164
10 165
6 83
160 67
183 140
138 169
52 40
90 22
57 30
84 111
69 185
195 182
179 21
139 73
86 179
26 133
68 135
42 37
39 41
143 41
110 102
41 147
169 128
159 95
69 141
71 8
1 82
41 98
119 183
64 129
130 85
167 57
125 133
14 54
71 128
170 137
103 1
98 154
34 79
114 141
79 22
172 188
32 107
43 200
159 178
87 95
109 129
88 106
47 78
39 162
116 101
64 55
47 135
108 93
41 69
4 67
193 197
138 54
9 51
49 177
69 184
192 181
12 167
11 97
157 109
61 90
33 28
102 9
98 167
122 159
194 62
42 45
32 186
179 64
148 12
124 70
179 171
116 196
181 93
126 182
105 43
89 16
139 24
67 79
74 46
193 183
168 81
89 191
176 199
130 67
141 156
28 100
134 163
107 130
45 66
132 126
135 53
81 149
145 38
82 91
145 63
77 155
166 135
29 193
196 74
154 137
71 158
109 35
169 56
156 19
136 4
51 173
48 75
137 121
178 136
166 135
168 130
58 55
166 199
88 52
120 94
26 66
128 156
118 119
188 51
32 193
184 173
110 131
131 147
35 31
120 193
6 123
68 47
179 95
179 168
106 46
90 135
141 38
82 160
74 175
58 163
179 77
136 185
67 144
57 196
142 47
130 186
54 65
137 83
14 31
54 28
31 189
78 66
174 156
101 17
131 107
31 92
82 157
133 46
47 133
110 198
192 172
92 79
137 92
84 96
172 134
138 6
114 199
172 177
33 91
115 9
64 96
200 114
196 133
4 70
39 106
180 95
96 147
166 6
28 59
17 124
193 84
71 73
183 79
3 177
157 130
89 154
179 121
118 49
49 141
73 53
102 65
128 164
187 81
185 192
164 60
179 177
152 2
124 185
199 49
110 148
194 9
4 104
78 112
170 48
17 97
41 16
120 163
54 153
116 197
193 168
7 95
28 45
115 10
120 61
123 31
194 180
44 39
174 22
80 50
91 42
9 6
139 147
145 184
164 181
161 32
151 143
56 187
44 130
176 73
23 99
158 164
55 192
96 125
63 100
127 93
69 132
31 95
37 86
166 128
122 162
97 132
95 49
168 31
109 141
36 155
151 82
104 75
160 173
28 196
11 68
153 114
42 26
14 146
199 2
186 7
14 75
76 87
110 175
48 149
150 177
175 44
60 104
169 96
34 191
80 183
165 127
73 146
110 111
10 176
14 61
12 3
170 9
181 110
191 101
175 178
31 121
160 155
147 36
196 56
133 129
184 173
44 166
73 186
56 175
143 181
106 167
151 34
189 6
162 4
3 64
151 92
22 158
185 179
11 27
90 112
135 98
142 122
136 179
38 97
38 58
42 90
71 55
137 194
168 160
160 26
157 56
47 161
78 40
94 181
1 47
95 132
148 98
161 195
28 54
175 65
9 97
190 148
21 131
132 120
189 150
57 173
99 35
189 73
26 18
97 170
106 161
102 51
169 118
168 37
120 138
28 172
158 67
97 188
16 18
33 156
199 44
7 16
108 134
37 68
194 120
24 180
52 188
160 98
58 2
160 43
65 57
130 198
4 26
121 107
40 195
54 105
69 169
106 123
156 200
61 81
143 175
41 187
103 142
165 60
23 125
56 141
36 180
59 126
169 200
22 35
35 103
74 44
102 23
91 72
63 14
172 144
73 94
69 114
77 192
19 115
159 111
87 4
137 114
84 150
127 19
131 192
128 86
124 56
76 17
126 88
169 58
170 29
133 14
176 197
13 21
194 101
104 38
89 126
195 159
16 130
197 99
191 196
154 67
166 64
105 77
114 186
9 7
50 158
144 57
52 197
174 130
141 51
22 83
187 165
39 17
55 28
40 129
56 179
186 14
186 163
73 123
13 59
91 37
190 83
49 94
125 8
95 157
186 73
55 99
140 157
81 129
76 93
144 12
13 51
130 167
23 44
194 193
76 131
178 103
62 53
6 171
27 85
143 179
20 66
80 38
97 107
59 191
164 117
114 171
24 185
94 131
14 3
94 43
164 178
21 158
189 20
72 126
164 26
10 140
105 19
72 77
108 196
30 153
46 5
39 3
5 175
74 42
15 19
117 84
116 70
28 157
34 14
10 166
27 55
109 75
164 114
195 7
18 77
55 39
33 168
183 186
168 106
24 120
115 103
108 159
159 123
136 26
35 113
2 149
81 19
45 37
147 134
34 199
112 140
145 56
168 148
187 5
174 121
78 110
157 18
162 133
97 56
27 119
101 13
110 103
15 10
43 182
111 183
114 54
157 142
96 125
129 67
45 157
195 146
63 81
176 140
9 38
101 52
68 168
92 160
75 90
26 18
125 28
101 60
194 143
187 98
85 69
18 24
60 104
20 146
90 170
128 40
102 151
8 146
24 22
18 113
194 138
37 118
181 68
183 147
90 6
185 107
110 27
73 24
114 48
26 39
53 77
80 40
23 113
55 41
44 148
12 91
180 153
142 195
92 13
37 186
188 91
135 108
3 48
155 9
120 61
167 37
159 152
88 101
63 2
182 135
108 187
198 131
46 13
21 19
20 95
32 86
9 166
148 160
7 143
33 82
119 160
112 17
52 48
22 11
142 145
94 88
85 51
169 41
4 144
115 182
169 103
167 19
125 47
122 37
28 81
100 188
196 65
41 193
23 143
192 108
187 92
198 10
160 8
196 31
61 80
175 26
2 182
30 97
35 129
72 55
11 80
38 10
174 26
138 183
156 2
181 16
81 155
162 25
26 119
92 200
140 45
90 72
5 77
71 76
31 199
123 49
52 25
45 132
194 153
196 73
152 61
74 162
36 127
150 33
35 59
50 18
124 35
162 154
194 198
30 56
129 86
9 140
200 90
120 33
104 84
9 89
187 103
56 122
180 4
36 81
111 133
41 4
183 120
53 3
101 55
170 31
175 50
17 90
32 150
84 103
64 159
158 10
45 79
26 80
140 173
109 191
53 130
50 138
43 26
133 48
137 181
192 160
192 8
135 189
174 8
113 181
44 194
195 20
17 171
130 120
143 185
92 138
74 36
12 185
4 195
45 100
72 200
109 160
166 185
180 82
81 71
24 37
42 88
165 38
134 101
139 29
195 36
118 107
9 155
166 60
22 1
154 7
83 85
123 31
100 20
70 151
22 34
163 80
52 200
170 33
35 23
171 115
51 79
43 41
22 16
190 124
161 193
136 38
37 92
108 14
91 97
177 63
105 28
158 60
28 172
141 116
182 23
99 134
100 53
196 55
200 110
169 25
29 137
58 128
174 144
5 133
112 71
21 19
78 108
153 105
131 160
62 6
46 186
86 31
100 22
133 169
75 146
170 166
77 195
186 30
188 158
56 61
40 127
88 79
39 13
67 88
31 33
176 192
50 56
150 33
126 167
159 45
120 72
145 19
65 20
111 179
118 133
192 71
24 91
130 175
160 81
200 10
70 4
54 3
170 40
86 147
69 189
138 81
32 165
173 182
54 43
72 117
167 65
157 194
58 87
157 101
200 94
32 113
106 143
40 106
180 178
39 193
149 196
170 24
185 187
87 167
100 120
136 147
84 188
121 113
83 141
21 73
94 190
137 34
18 190
95 90
104 51
108 74
167 153
119 175
175 24
193 168
128 134
82 198
103 199
167 68
72 116
104 139
28 78
63 101
41 23
160 122
13 83
200 36
104 114
149 176
25 147
85 99
131 51
114 64
126 63
38 98
140 31
4 136
170 15
44 141
183 46
142 7
182 53
63 141
178 89
176 169
195 114
179 133
23 71
52 24
172 54
86 114
198 45
129 12
82 22
7 171
136 73
104 147
42 180
172 102
24 92
33 197
121 184
73 129
65 39
99 5
59 127
116 67
21 173
90 47
134 187
41 134
115 20
189 37
69 10
113 164
12 111
80 178
85 170
175 87
118 129
196 12
70 93
189 104
37 65
55 9
162 13
175 76
56 12
132 65
91 165
158 21
97 81
84 35
7 129
157 174
59 42
154 59
34 53
122 55
176 130
105 2
72 65
131 128
37 123
61 162
83 132
107 69
111 174
134 118
51 116
86 139
100 37
10 83
56 68
98 80
129 35
58 5
54 117
134 185
145 192
71 86
36 180
145 86
157 67
50 27
189 23
162 34
58 82
61 8
86 190
189 69
193 103
187 172
62 50
133 56
188 55
175 189
131 177
187 1
83 134
184 10
60 46
111 64
14 138
147 95
73 183
188 198
137 130
78 169
177 57
30 28
143 141
166 181
106 153
22 83
157 190
189 3
15 104
49 100
121 125
84 52
184 189
26 179
61 168
128 91
121 43
10 36
59 96
114 139
90 102
164 124
72 153
134 78
141 74
191 187
97 63
14 110
71 95
69 187
38 9
140 142
78 86
150 158
32 176
63 86
37 121
189 157
82 161
136 43
90 159
98 101
3 42
176 53
59 58
166 109
6 186
90 93
44 117
197 141
106 133
45 13
6 149
180 131
20 17
49 64
68 13
28 115
182 110
62 162
37 195
19 32
145 99
60 135
71 144
113 6
152 155
150 78
10 133
179 132
29 62
35 85
198 125
1 120
125 145
159 135
74 90
96 9
133 22
150 144
73 109
160 166
73 128
133 39
55 33
64 10
57 186
166 119
148 119
71 3
176 135
78 85
102 33
19 180
10 84
15 150
95 122
148 197
186 196
141 158
1 89
114 107
136 165
120 38
112 123
26 131
198 103
20 99
171 76
54 42
179 124
55 65
94 161
167 66
142 4
54 55
4 55
130 183
139 74
8 87
112 152
74 34
161 100
1 41
181 158
101 90
169 117
24 99
134 175
198 130
6 99
12 164
31 12
195 178
182 181
12 96
176 84
189 72
169 119
73 128
122 164
131 50
158 3
187 60
163 157
2 56
36 100
27 95
53 72
60 107
118 24
89 140
102 17
90 115
5 141
98 15
52 180
72 163
176 121
45 191
21 98
4 141
199 9
112 163
18 145
9 45
86 192
159 166
119 140
140 82
190 55
77 5
59 78
163 199
101 191
159 22
126 80
186 180
104 79
12 4
154 50
181 158
147 61
164 11
73 125
175 18
64 123
129 81
173 11
123 81
77 191
113 71
162 197
88 86
36 55
37 27
124 127
25 83
131 32
173 62
118 186
109 14
18 193
125 93
98 142
67 79
10 162
37 167
67 2
6 35
1 190
21 173
91 113
136 150
123 153
32 81
49 35
29 120
112 150
133 52
84 105
183 6
191 137
157 18
139 184
93 38
61 50
153 124
125 170
117 107
151 129
62 35
71 160
11 42
7 82
54 133
128 32
81 149
97 2
14 93
145 56
171 107
36 41
199 52
150 196
174 186
10 167
33 107
70 75
61 85
28 133
167 15
27 137
179 75
56 121
187 49
109 74
68 158
147 185
131 107
156 145
83 74
187 79
187 68
15 10
23 179
78 34
120 102
178 182
106 177
179 164
181 7
23 50
3 2
8 165
33 131
31 122
183 53
41 194
132 194
75 141
60 94
95 169
120 69
97 187
172 8
112 162
93 87
28 149
49 175
6 12
122 113
6 184
81 173
182 184
75 14
131 97
9 73
20 167
63 99
24 159
179 90
161 198
113 3
179 77
139 96
163 70
56 44
18 31
14 49
62 73
52 50
92 194
176 187
63 3
77 74
1 130
18 102
172 27
19 30
31 97
133 141
12 148
146 181
134 55
185 82
164 148
163 77
46 167
88 69
69 113
106 50
20 112
6 143
17 189
24 131
76 29
172 166
50 153
154 13
70 152
22 21
179 61
49 2
100 151
6 14
70 99
136 166
45 118
103 122
191 153
17 193
168 157
107 199
185 69
144 106
94 200
94 139
153 45
140 34
37 148
88 15
126 88
147 188
195 76
182 116
198 159
118 112
181 16
148 119
78 166
141 164
173 47
78 140
96 180
4 148
105 7
183 168
184 107
73 115
194 120
17 34
115 162
172 93
86 66
68 175
152 5
44 41
181 122
173 120
115 41
161 59
186 170
28 19
34 144
95 128
171 164
6 30
113 129
100 71
29 159
168 85
7 10
155 187
161 166
83 60
94 136
51 143
134 187
149 15
75 72
121 16
112 134
81 30
130 34
80 178
74 135
181 15
14 146
118 142
196 110
166 40
72 20
173 39
113 158
115 80
176 7
160 64
190 44
186 162
145 59
115 15
176 174
166 149
191 129
158 176
7 57
162 189
136 187
190 81
130 45
77 118
48 50
74 157
71 41
178 123
169 171
28 27
135 92
183 81
20 6
136 72
160 101
96 46
115 2
10 16
136 87
110 171
94 16
122 195
155 74
11 72
187 132
16 6
73 189
194 70
23 104
11 107
78 70
86 114
52 186
121 14
171 132
111 64
184 191
194 133
145 91
32 6
60 137
189 195
68 136
27 58
165 63
128 57
199 92
74 88
157 180
20 178
153 126
200 133
162 130
163 136
192 164
98 78
5 53
144 42
41 178
59 99
50 80
85 169
189 195
129 42
173 69
43 115
148 149
2 155
23 76
101 14
123 41
93 76
107 157
57 51
123 12
179 185
113 11
2 124
70 131
144 174
169 102
90 43
87 20
76 37
79 98
101 193
194 132
76 8
174 91
85 198
46 168
190 42
106 54
185 30
73 198
3 189
140 40
188 198
199 152
195 65
174 69
27 161
34 127
63 61
171 189
184 124
97 109
200 45
153 135
103 85
171 119
134 39
146 57
164 41
73 154
115 163
105 38
51 65
156 143
169 112
178 110
156 189
172 170
89 165
61 126
47 89
134 35
187 138
12 118
197 81
167 33
95 92
156 195
113 150
126 176
35 56
12 109
110 127
97 76
116 3
89 119
73 152
76 168
133 92
96 183
26 138
139 83
196 176
179 164
16 34
11 45
171 121
105 140
139 161
171 11
165 31
61 73
49 29
14 133
102 58
197 125
58 45
96 69
87 68
117 98
138 118
103 139
8 188
61 71
15 123
14 142
109 113
105 138
31 136
45 42
8 65
111 6
91 100
28 138
44 129
50 164
36 13
151 170
133 192
37 77
39 127
63 130
51 101
2 97
157 40
36 13
61 18
93 159
102 96
176 118
29 126
41 188
131 132
75 127
117 168
134 84
81 58
165 131
122 27
113 103
89 99
55 59
186 38
49 59
166 198
64 118
119 53
43 196
88 133
27 3
88 91
91 48
19 169
147 133
182 57
57 75
25 31
124 81
111 183
39 169
92 89
113 127
136 42
110 121
129 83
77 168
158 42
14 11
94 123
89 95
20 2
36 109
7 115
131 52
64 165
178 32
1 198
55 146
108 37
29 21
47 42
93 97
123 46
10 96
40 118
96 41
94 11
135 41
117 7
124 47
75 58
174 23
67 153
182 44
162 34
185 17
140 190
40 25
6 129
199 16
65 31
76 114
195 121
18 99
23 78
135 197
19 179
55 156
10 137
24 29
199 144
94 43
166 69
15 161
141 125
12 35
75 155
35 57
20 32
98 55
105 3
57 146
153 15
181 182
74 173
78 149
89 92
16 1
76 5
175 42
157 193
85 78
62 117
2 4
63 41
144 71
190 127
72 81
122 77
12 31
35 80
60 113
103 69
47 141
53 85
51 151
32 152
104 155
15 23
66 9
92 22
102 21
176 101
191 105
193 72
142 172
188 165
81 37
72 115
26 101
9 150
107 198
112 143
10 139
143 119
46 67
28 194
95 66
139 60
124 141
91 149
177 180
5 78
49 185
181 156
113 180
55 44
90 59
1 27
96 35
7 151
163 196
192 85
59 150
184 124
40 125
69 160
189 185
65 145
146 134
135 91
72 172
7 130
125 99
8 50
15 29
97 155
31 16
88 30
48 17
24 56
56 3
194 95
112 57
5 19
115 166
195 45
16 68
185 195
53 194
113 183
133 175
68 35
7 57
41 156
84 31
14 179
7 164
197 64
128 168
113 8
170 149
105 125
199 119
120 144
137 59
103 54
64 47
160 135
43 21
78 5
186 4
153 24
124 45
163 4
30 182
102 44
133 1
167 64
45 197
154 66
146 164
136 29
77 80
148 31
109 155
175 23
185 15
4 130
29 138
129 6
123 180
98 90
154 177
185 115
97 54
126 68
78 182
158 66
180 129
21 69
76 147
124 166
168 53
16 14
178 170
27 85
118 169
79 89
103 101
150 7
68 57
49 198
61 45
183 58
38 88
152 168
97 23
184 118
176 158
174 169
134 164
129 127
70 80
139 114
23 153
61 111
189 175
188 90
134 12
14 85
46 147
175 97
179 47
55 92
40 63
141 17
38 63
20 186
174 158
48 191
163 154
111 94
49 117
154 139
108 95
73 137
73 102
51 11
86 156
84 9
5 98
1 153
123 27
115 94
91 183
79 171
125 144
184 36
49 156
188 121
101 74
138 96
59 157
5 30
171 16
103 22
5 181
95 13
75 160
3 58
34 128
165 68
88 14
74 80
138 40
109 90
112 19
37 20
104 107
179 126
176 130
182 150
200 120
68 100
5 31
108 119
8 36
15 4
91 79
125 191
117 52
57 20
29 28
131 31
113 34
67 103
75 98
43 158
41 172
120 105
107 172
117 168
164 152
175 98
141 138
104 176
115 198
195 152
43 135
165 3
9 155
194 83
159 148
133 90
130 79
29 98
197 141
90 105
198 186
105 16
33 84
22 186
31 110
18 67
182 100
66 61
119 136
128 123
115 37
17 96
128 41
129 160
97 69
52 140
45 70
17 98
150 27
133 160
7 154
105 26
45 153
51 75
187 100
187 192
68 130
101 194
169 110
137 138
11 129
136 67
160 46
71 13
77 182
171 48
90 122
80 22
18 175
57 48
53 145
23 197
34 92
54 121
196 136
41 171
115 180
41 195
29 181
48 74
185 63
68 93
122 87
107 106
117 185
110 128
41 131
56 36
93 61
27 111
115 71
136 192
152 60
126 39
191 38
88 3
41 193
139 170
11 29
96 46
10 21
186 67
77 190
45 177
104 161
60 51
64 81
41 193
57 93
3 143
129 130
79 139
41 65
158 90
131 120
198 146
64 66
130 90
181 149
166 97
185 7
13 51
175 166
7 18
139 38
99 60
6 37
102 2
131 160
5 86
199 109
138 39
136 46
179 24
110 65
55 71
7 8
91 42
84 47
47 123
145 120
41 46
143 106
147 105
191 22
104 72
23 33
181 165
128 163
142 89
56 134
66 108
23 191
16 193
33 123
110 70
50 16
170 67
183 195
30 95
91 181
179 26
143 112
108 128
93 115
85 148
56 182
186 160
27 174
113 180
125 83
40 150
136 7
94 143
62 73
98 67
103 81
112 37
16 158
152 176
26 74
199 129
44 2
88 22
180 14
186 162
155 125
99 10
19 172
138 90
25 114
12 178
139 45
59 148
82 101
30 165
137 29
152 155
117 155
82 39
80 10
90 69
34 76
70 150
117 82
108 195
151 92
117 81
145 115
21 29
159 176
123 142
161 86
153 118
35 104
193 4
148 146
64 164
65 22
31 22
57 79
174 123
97 106
73 31
138 197
116 70
118 60
182 63
84 41
94 81
177 58
181 185
66 9
154 167
152 156
142 8
11 199
22 17
8 177
141 61
71 31
53 196
168 188
195 26
156 169
11 174
76 70
106 1
86 142
151 61
186 200
194 61
29 63
10 93
181 200
160 82
146 13
15 185
17 87
130 62
110 44
46 191
1 19
52 140
89 16
68 103
179 40
11 82
82 158
153 127
31 119
125 175
27 120
181 66
131 62
183 6
120 36
48 9
124 107
101 6
97 114
34 123
22 18
174 162
177 31
196 116
128 133
148 193
143 185
42 15
114 110
194 81
106 126
59 64
135 166
72 17
82 21
142 152
85 4
189 112
171 54
111 189
41 62
196 17
73 79
24 43
63 9
147 145
51 185
90 80
196 181
34 46
91 44
135 108
113 116
125 16
138 118
193 24
22 5
72 126
181 96
96 194
87 148
137 14
153 10
12 153
33 111
161 5
119 155
150 3
31 54
18 7
197 176
76 48
140 24
42 146
41 25
78 163
40 160
84 20
17 61
102 26
60 86
148 33
130 69
46 142
135 152
91 111
72 35
139 66
155 154
197 47
172 83
170 39
82 161
165 18
27 48
146 148
145 87
70 146
188 197
162 161
145 70
128 131
86 70
122 97
46 198
145 141
2 20
198 102
72 159
31 113
78 54
120 53
44 55
18 93
170 130
33 38
166 98
87 122
66 44
81 25
150 87
155 3
86 71
81 137
20 16
129 74
182 165
66 166
109 18
44 13
39 172
83 2
108 183
111 175
162 79
94 184
109 153
54 100
85 112
142 88
82 119
25 36
52 49
65 86
61 155
136 52
157 136
118 147
200 41
75 5
36 6
138 142
168 13
133 173
22 75
4 85
80 53
30 164
92 48
95 153
22 40
6 51
18 135
60 28
50 165
50 113
43 128
89 172
191 96
49 76
166 112
169 48
119 164
12 45
137 176
125 65
35 157
177 38
44 62
122 60
182 197
90 139
25 173
30 79
68 168
46 137
185 192
120 200
25 133
111 80
91 93
81 38
128 182
124 146
6 39
101 18
173 53
165 51
62 87
64 133
86 10
88 110
119 49
94 120
193 194
41 167
141 101
134 114
159 58
131 161
151 8
77 67
17 146
66 119
42 178
166 32
137 53
26 147
176 6
69 8
36 132
32 166
35 94
103 145
38 3
129 56
11 176
79 1
30 38
61 112
40 56
199 112
171 49
43 144
128 1
116 141
123 48
194 141
194 32
193 119
31 194
170 87
102 120
89 60
25 16
161 79
110 31
92 52
177 98
137 153
149 127
49 86
60 43
53 121
145 58
118 101
27 106
199 71
91 74
145 135
109 152
70 57
16 142
178 98
14 190
36 107
108 6
21 81
10 194
120 168
147 80
130 128
64 70
163 116
143 73
41 160
173 146
118 111
17 65
187 50
198 53
84 83
122 118
133 108
16 19
30 22
21 20
171 80
57 41
77 39
44 95
159 27
104 157
181 55
49 97
70 107
187 97
96 141
50 178
99 124
17 193
147 184
129 71
115 150
170 78
22 43
77 183
39 78
77 34
91 4
24 21
170 53
105 69
67 22
107 180
126 192
48 69
134 125
123 195
58 179
182 7
104 77
18 139
48 33
14 38
184 10
171 20
165 144
106 133
175 27
171 169
90 99
186 64
3 119
86 168
31 135
126 130
162 187
162 139
94 42
179 89
9 108
141 68
91 199
147 175
48 39
57 90
61 25
169 67
200 165
122 67
23 91
69 106
151 33
175 39
138 34
74 146
38 189
162 19
46 72
113 17
29 182
3 186
164 178
199 61
24 129
165 24
157 58
164 24
166 145
123 197
38 142
161 190
90 155
100 56
153 112
42 104
108 106
24 174
177 64
67 103
164 194
33 124
31 157
19 59
180 146
191 131
34 57
174 156
41 190
95 111
199 10
9 154
9 114
100 133
170 105
121 25
154 118
39 172
96 95
78 105
166 100
196 61
100 151
165 139
103 42
12 11
154 17
119 198
51 106
30 81
92 123
86 65
40 14
183 113
7 188
69 29
151 95
124 116
116 181
90 118
150 15
67 143
85 152
156 151
61 200
177 179
141 27
3 62
104 161
200 60
28 93
135 56
76 72
146 180
155 185
45 146
169 13
155 74
39 47
42 64
174 176
129 89
118 182
10 156
69 181
156 7
173 10
134 197
72 92
118 185
63 131
163 139
164 57
138 168
44 117
174 33
187 115
141 134
40 54
58 190
118 14
134 84
77 54
130 12
23 1
99 70
133 26
17 177
9 4
50 40
113 103
30 196
44 30
105 154
12 157
180 145
188 187
58 108
71 106
200 130
88 200
51 7
51 63
29 188
12 19
195 84
126 176
159 62
138 62
53 8
31 56
30 63
92 81
167 143
67 121
15 186
142 144
34 198
76 44
192 129
136 200
153 84
95 166
74 169
110 95
139 50
112 31
132 117
63 144
163 95
32 148
107 33
126 92
186 65
189 100
120 5
17 118
120 8
103 170
96 137
81 176
63 14
162 34
169 125
29 113
123 164
177 153
16 15
190 193
166 75
22 58
88 15
20 134
150 172
21 112
183 184
184 80
136 127
130 85
26 190
125 23
136 145
111 83
44 41
180 1
167 193
78 94
70 171
13 83
103 24
23 148
78 110
182 100
42 37
82 107
69 77
65 156
183 179
30 139
60 107
83 168
85 33
139 72
13 99
178 174
21 175
155 21
119 155
1 38
2 118
110 5
47 146
152 200
48 94
24 135
145 193
30 120
77 200
19 84
138 81
15 49
14 153
65 21
30 57
113 5
48 61
152 125
71 93
53 153
20 142
115 90
197 152
138 158
82 71
4 6
11 176
44 78
124 33
74 152
29 91
31 38
56 54
185 130
128 17
153 1
175 55
166 194
45 89
67 72
194 61
43 158
194 20
59 67
183 7
102 33
126 10
94 97
136 93
31 35
122 11
97 127
116 169
92 83
127 174
110 2
195 172
126 200
188 5
112 142
20 167
198 190
180 168
139 77
151 78
106 86
60 109
149 138
155 92
31 62
75 81
30 40
44 179
85 141
120 159
168 166
84 159
10 100
151 16
68 51
129 75
161 137
1 39
45 148
160 92
178 14
81 125
34 186
46 8
170 83
200 80
34 168
20 99
26 73
4 152
122 164
59 196
126 153
190 191
114 193
194 48
81 196
76 157
28 119
157 145
95 151
46 17
85 58
43 24
100 68
22 74
184 104
167 54
38 7
47 42
52 125
112 192
20 169
32 84
60 35
181 93
53 79
75 148
170 35
38 46
157 176
18 79
131 84
21 160
106 22
19 96
92 28
149 62
25 90
122 58
80 93
42 114
4 169
84 77
5 179
118 192
71 117
183 111
84 160
50 65
120 185
125 175
189 1
95 160
73 59
87 140
122 134
154 81
89 25
48 89
5 155
65 114
47 113
26 54
118 82
168 40
165 177
104 163
116 48
31 12
189 190
94 120
83 60
117 91
140 187
101 103
26 67
66 45
101 199
152 96
177 150
122 69
26 16
22 70
159 95
164 187
155 12
127 13
64 28
17 91
105 65
100 158
102 13
133 198
187 152
9 43
189 39
25 199
81 44
75 121
65 43
174 152
142 76
168 199
22 66
36 165
74 32
38 60
59 64
189 143
196 105
68 62
130 186
185 49
175 51
32 9
94 194
162 116
12 8
89 196
74 190
174 92
7 78
104 168
5 3
73 131
50 87
175 143
127 183
142 178
4 35
77 72
26 6
45 101
133 71
194 171
30 97
183 52
1 79
111 128
40 122
60 102
91 19
178 158
72 179
50 112
71 73
154 133
161 25
34 123
161 2
173 193
64 58
178 135
100 10
29 143
76 137
19 115
49 117
188 147
174 177
176 146
174 16
175 85
75 131
121 57
22 138
182 3
97 6
187 123
136 186
49 128
183 4
87 96
31 121
37 129
67 86
156 134
134 187
196 4
83 128
108 51
151 125
128 58
15 87
182 66
17 187
31 28
58 128
69 160
75 167
41 196
13 63
36 103
199 5
142 11
111 57
189 197
141 64
25 97
190 8
92 200
91 64
3 169
78 122
75 182
162 92
56 173
170 118
72 10
63 174
125 95
136 59
16 174
125 8
86 18
59 170
193 138
38 108
173 161
4 172
101 75
187 111
110 84
118 130
87 188
174 138
147 99
170 17
78 21
104 178
101 163
24 31
116 58
43 186
10 90
197 17
198 24
132 107
48 104
165 56
25 199
172 191
144 30
139 158
132 129
85 51
123 75
159 112
195 167
64 168
190 92
72 125
195 70
18 58
99 116
85 110
155 118
32 109
199 186
8 155
131 162
175 168
107 13
176 15
144 108
85 115
11 37
53 44
185 84
109 178
68 111
53 81
174 71
117 105
183 54
40 32
102 154
113 1
132 152
133 27
110 117
16 191
196 190
154 159
115 90
15 168
89 147
55 53
113 2
117 154
147 160
29 191
59 179
60 103
69 41
174 25
196 2
9 162
62 33
50 141
169 97
36 48
52 17
177 120
53 44
139 90
167 155
83 64
161 158
111 192
181 172
146 170
118 44
58 15
182 191
97 35
190 166
155 9
43 91
46 129
20 186
179 10
192 172
80 129
167 47
128 21
107 73
176 53
41 26
76 80
74 84
125 169
106 16
138 119
15 122
82 146
138 133
108 136
6 165
83 49
134 45
14 89
192 75
59 23
176 118
8 95
143 37
199 116
140 144
95 50
172 141
93 53
122 151
181 41
51 43
160 59
180 79
126 13
156 71
43 37
103 40
103 175
165 154
117 138
36 141
143 184
186 193
93 40
104 74
142 92
87 57
129 183
68 148
159 114
130 170
194 23
77 151
46 98
188 61
86 38
26 143
78 21
140 125
186 122
186 180
165 159
92 7
8 49
14 24
53 142
150 147
14 159
54 197
49 50
86 39
191 42
96 164
191 69
125 179
182 131
11 31
68 79
169 146
109 132
153 114
70 173
92 48
137 151
69 134
153 120
187 62
56 97
144 13
51 39
74 159
2 59
166 14
114 101
52 96
162 158
187 25
191 134
29 198
33 58
158 58
84 186
179 136
140 55
81 159
117 38
24 66
163 82
191 154
85 73
159 106
100 71
80 113
185 15
114 60
25 165
195 89
99 29
97 46
90 42
194 54
12 30
191 124
169 155
7 144
187 135
188 37
30 111
63 104
72 48
164 7
38 47
54 124
150 148
62 47
105 107
63 197
99 187
149 103
54 6
89 131
81 86
18 66
62 147
88 59
151 125
7 64
116 198
156 161
89 108
140 101
38 55
22 143
24 65
128 39
45 162
102 79
191 41
86 1
76 102
99 77
117 50
94 158
24 55
36 51
76 37
20 117
146 45
48 95
106 139
77 63
5 109
46 156
133 91
104 103
104 121
140 169
42 150
167 135
21 183
137 197
109 139
141 133
179 21
5 66
140 193
108 62
131 19
109 29
130 191
178 181
147 179
148 159
173 36
82 172
125 122
185 147
40 143
50 53
3 24
41 92
56 66
81 26
75 123
87 75
1 139
134 167
120 92
110 147
66 135
83 9
89 119
31 136
118 5
126 134
54 197
190 105
131 129
17 71
49 154
40 60
111 86
147 55
98 15
72 97
70 137
103 2
178 18
156 159
20 193
75 126
136 82
119 121
84 3
113 27
30 103
170 186
47 95
95 39
116 109
92 37
90 47
172 71
136 27
88 33
76 103
176 77
47 10
167 56
111 17
39 147
37 157
144 93
149 98
151 84
173 84
34 18
30 2
77 129
140 43
36 126
125 160
152 150
166 130
130 104
149 56
162 121
108 178
176 20
159 149
51 59
158 30
41 184
107 75
139 197
97 91
47 9
92 7
187 132
19 116
106 64
157 184
200 170
75 192
13 147
104 125
35 122
50 51
117 128
21 52
195 185
188 67
117 159
94 7
91 170
173 71
77 112
112 22
24 97
200 106
157 145
107 163
15 70
125 86
50 122
38 4
139 24
151 21
200 176
9 189
142 197
28 175
106 172
161 105
75 8
84 186
90 65
19 149
14 114
60 120
144 128
182 139
92 146
189 26
17 61
98 132
142 197
33 9
111 154
90 149
191 169
28 6
16 68
50 59
79 194
55 46
186 43
126 69
85 28
179 110
24 100
145 152
179 135
169 63
162 176
195 100
184 29
179 198
20 99
174 87
56 132
193 109
90 149
12 157
159 26
145 156
3 161
198 196
137 185
200 123
99 2
160 114
195 142
53 117
66 60
173 119
49 116
188 166
151 182
144 124
119 128
88 28
170 144
7 88
91 110
56 112
48 95
161 15
120 61
102 194
197 123
7 139
53 154
131 164
57 23
94 44
178 82
5 32
138 177
172 119
135 182
142 109
139 91
89 186
137 9
124 87
135 105
176 19
79 10
32 22
199 175
98 130
192 46
116 173
200 51
48 162
190 87
61 126
82 83
56 44
73 174
142 1
3 125
148 66
152 107
158 107
121 180
60 197
160 136
143 71
34 177
197 165
90 86
163 41
169 146
47 111
104 62
26 187
120 133
82 37
86 18
174 175
59 55
131 90
130 133
9 130
120 95
122 3
97 64
32 161
51 151
95 101
126 194
144 5
121 107
4 173
68 76
128 53
134 172
158 147
25 86
195 199
70 26
84 166
104 9
174 107
142 184
35 100
194 47
173 29
46 145
133 101
140 63
156 11
190 144
91 151
47 17
20 180
38 142
195 131
197 120
55 98
45 56
34 177
148 187
145 196
4 119
50 95
23 44
83 85
71 143
85 165
46 54
37 104
48 92
106 19
86 197
71 156
149 166
152 127
3 4
102 170
85 12
74 43
144 61
157 6
46 117
21 113
49 76
1 114
31 80
79 199
82 80
54 12
115 35
93 42
27 88
72 197
70 18
29 63
25 170
74 57
94 24
28 7
58 143
3 77
41 98
133 146
83 55
136 61
137 26
167 2
167 122
167 67
158 160
143 122
162 150
191 37
127 41
97 65
160 86
183 97
9 137
104 10
121 2
135 106
56 91
20 18
129 96
136 21
32 116
116 193
164 154
121 70
59 52
182 104
15 180
200 116
26 94
118 37
6 167
51 64
116 185
90 154
98 176
23 29
47 76
29 81
180 97
194 124
101 139
42 90
180 188
79 103
102 138
176 32
117 84
70 10
54 58
4 8
189 190
59 93
167 89
172 124
76 176
157 44
136 194
45 138
167 42
179 25
184 105
26 5
176 200
16 132
48 160
87 77
75 78
178 26
68 169
31 71
44 2
114 158
144 63
6 78
138 130
153 63
10 100
46 35
11 125
169 149
98 47
144 180
76 58
116 138
22 190
182 92
106 105
181 46
47 77
163 197
171 42
38 126
58 62
102 83
148 126
62 139
196 141
44 89
60 93
67 73
68 150
139 194
83 134
4 75
95 69
172 188
75 111
23 99
116 1
37 89
182 105
82 130
141 16
3 59
183 154
171 112
103 70
184 24
67 157
61 130
87 24
84 15
74 151
4 11
168 165
134 190
193 72
75 89
108 176
6 84
2 134
121 171
65 30
178 155
158 167
88 8
145 181
180 77
53 186
163 70
49 84
24 132
72 35
30 2
133 25
177 75
84 70
2 6
2 122
89 160
118 159
190 199
197 48
146 6
40 173
44 101
158 17
172 12
81 79
112 76
133 134
145 172
94 79
43 7
177 137
114 16
73 77
138 83
54 169
90 6
78 198
144 167
184 37
122 186
120 140
98 86
172 89
59 145
43 105
130 124
170 176
81 177
200 76
87 157
53 43
41 193
91 40
119 115
24 3
6 11
167 182
56 51
13 189
117 68
61 138
124 111
196 32
68 108
111 123
33 167
115 37
97 28
56 36
105 182
94 197
96 1
135 39
157 4
161 131
90 159
101 43
87 187
16 195
156 123
65 155
113 64
160 14
112 28
12 57
177 22
31 165
4 116
175 182
89 39
162 26
34 61
102 186
55 89
25 136
41 162
152 17
107 116
37 143
145 48
176 53
86 6
166 61
15 11
36 123
169 63
16 142
127 182
64 194
82 168
63 79
129 22
14 84
79 3
113 167
153 71
118 93
131 175
88 96
113 86
199 39
45 14
107 60
160 40
110 36
85 178
5 107
187 155
171 180
191 161
86 149
7 144
140 57
18 181
148 93
39 136
21 24
186 143
106 61
199 24
196 51
107 35
117 76
111 49
117 181
191 11
124 106
132 20
40 46
12 3
148 2
182 12
191 147
136 59
156 52
149 35
184 111
80 103
19 150
93 50
80 114
66 36
195 102
35 127
167 69
160 79
67 82
12 188
8 81
28 31
95 41
170 29
187 94
73 15
2 135
170 70
178 5
173 98
179 198
73 64
23 161
172 194
188 4
126 1
170 5
135 171
77 11
191 114
73 105
61 133
17 167
120 32
13 188
96 193
128 57
17 157
184 171
33 160
112 52
38 4
8 158
130 33
41 122
100 46
61 84
199 26
181 81
132 69
29 179
136 14
53 49
154 187
84 76
44 121
21 29
50 13
122 15
109 4
199 20
24 43
48 191
102 82
140 74
13 191
18 192
78 5
100 130
131 32
170 46
163 107
198 115
31 124
114 121
187 82
18 129
42 188
16 119
83 110
142 172
93 184
191 193
6 73
163 6
165 157
62 146
67 42
173 56
66 116
5 9
106 136
13 76
72 65
182 97
54 21
129 16
58 21
129 113
64 188
53 131
37 122
114 133
28 139
80 5
33 91
163 16
169 96
144 88
4 160
116 61
99 56
179 100
76 194
34 188
199 195
21 107
1 191
131 136
110 146
172 1
28 120
43 19
7 89
156 6
133 10
1 2
157 161
87 55
58 81
116 18
17 113
34 136
109 145
19 140
42 168
130 36
78 147
109 167
192 23
129 165
17 43
164 74
119 196
76 8
26 152
10 77
30 1
71 166
187 101
134 161
73 154
91 90
25 17
32 120
142 40
134 149
33 72
141 80
67 25
188 103
77 3
59 187
81 58
75 13
66 110
24 107
19 164
78 155
158 176
199 146
89 5
39 63
40 71
103 28
106 70
164 91
59 40
63 41
192 119
134 12
20 44
51 153
115 94
182 154
137 69
77 58
137 40
134 170
123 192
131 23
91 19
37 195
133 183
32 20
77 101
139 10
43 145
123 171
59 79
4 140
87 64
140 23
140 21
77 120
88 66
87 139
28 87
48 98
5 119
112 114
180 29
185 70
146 199
2 1
91 70
49 147
82 20
163 189
76 196
35 57
177 30
57 43
173 65
77 134
79 175
92 117
147 55
137 16
142 76
82 95
165 85
55 67
126 4
101 34
128 186
178 171
55 39
27 8
130 55
61 93
102 2
150 126
121 94
59 131
184 3
65 109
51 200
50 173
83 169
28 147
140 60
184 84
109 137
89 189
198 69
159 167
119 29
154 145
56 29
36 139
20 39
180 34
38 65
131 129
187 32
68 155
54 162
178 163
148 181
31 121
81 151
63 188
187 100
119 2
62 108
9 1
182 163
170 77
60 82
113 172
91 18
44 152
197 188
157 115
64 74
28 130
188 51
15 9
122 99
113 177
63 59
144 124
67 62
3 19
147 46
138 72
29 152
52 80
178 24
45 187
171 31
52 160
198 71
26 24
147 44
13 61
76 178
154 47
59 106
26 162
193 78
110 96
196 175
37 21
53 170
155 195
82 26
54 132
9 91
43 44
23 125
169 55
151 120
89 103
33 194
99 67
26 144
130 122
15 130
163 87
1 101
168 26
140 167
129 83
121 117
105 72
19 74
130 110
15 114
40 89
91 21
22 146
155 91
141 173
67 39
83 63
157 87
76 56
103 169
146 82
56 34
134 1
126 101
154 139
199 21
89 38
76 89
63 154
68 132
100 9
144 189
64 110
12 55
70 33
103 70
23 38
187 11
48 29
85 179
96 47
156 99
59 118
54 28
129 97
75 80
42 30
140 128
100 1
161 65
73 146
125 75
162 26
162 92
119 51
51 125
162 83
29 96
94 186
135 74
148 161
113 3
59 162
90 31
3 157
192 106
14 123
109 14
191 192
130 97
3 149
86 37
154 170
52 180
197 65
95 63
61 54
153 107
22 136
142 102
182 113
59 118
176 146
1 130
22 109
140 106
130 198
136 65
193 111
50 60
21 200
176 161
145 186
87 182
199 76
121 192
113 68
87 200
143 173
148 95
12 85
28 60
103 63
23 27
39 151
134 175
2 85
76 44
106 58
157 132
68 158
8 94
132 101
117 163
51 44
54 138
55 139
5 194
110 117
193 129
90 105
143 96
152 28
21 144
116 7
99 51
182 99
56 127
20 109
24 9
82 155
170 69
75 37
24 44
78 141
98 37
43 23
104 86
40 11
189 73
24 170
19 162
133 195
22 100
85 60
13 197
88 54
70 176
97 165
3 132
107 194
105 10
1 92
113 3
194 73
21 160
181 38
48 80
115 127
163 197
191 103
69 148
9 125
161 106
67 29
110 149
118 182
14 198
187 83
104 86
54 144
27 195
121 133
40 131
177 79
28 83
99 18
22 24
14 138
112 183
162 114
174 70
196 148
115 80
121 123
104 22
140 139
17 139
125 101
75 21
146 129
194 115
157 143
42 185
134 109
198 51
164 40
29 85
75 155
172 152
43 182
102 198
174 116
65 80
132 179
99 84
57 32
153 136
41 143
196 107
59 91
29 138
53 126
73 177
149 126
99 21
78 61
13 104
7 177
100 156
59 79
195 88
128 4
170 184
109 8
70 58
190 59
19 42
165 126
169 112
111 4
62 128
21 106
173 94
161 102
77 106
136 73
180 197
74 184
125 135
155 129
6 123
108 181
58 20
142 101
7 140
58 54
31 97
142 164
16 104
177 3
157 197
50 108
93 21
159 130
144 8
19 18
77 140
148 46
121 34
74 93
126 109
153 77
118 113
139 143
175 153
109 177
137 74
11 16
45 62
140 31
75 193
96 183
193 20
23 24
40 170
52 29
89 104
2 146
53 40
156 131
120 97
86 49
94 198
119 180
36 11
143 92
18 37
74 124
163 132
2 4
103 118
97 17
40 145
36 164
38 27
16 196
132 185
43 12
76 70
95 107
13 93
81 18
25 146
75 25
102 2
100 60
86 59
65 9
74 62
63 180
196 89
199 36
176 89
50 101
70 51
58 198
30 161
41 73
6 129
75 164
29 178
61 177
24 30
33 22
172 110
189 109
40 93
192 138
197 130
24 72
164 135
13 135
82 26
108 154
177 20
64 176
118 115
85 61
44 61
90 168
17 102
149 73
4 15
63 82
122 97
133 1
177 55
125 135
130 166
57 98
28 39
30 104
90 161
19 89
50 129
67 75
176 160
155 60
59 164
23 187
22 177
43 196
151 4
66 4
50 146
160 11
18 34
124 69
43 60
51 63
50 122
90 146
89 38
19 85
101 90
48 121
144 105
107 130
57 175
171 137
128 122
120 85
166 21
56 157
72 13
159 102
193 79
87 165
74 177
160 164
170 54
191 174
65 116
60 30
136 187
116 174
167 20
22 98
52 126
72 53
43 198
167 126
59 96
117 122
40 68
10 168
39 52
67 1
15 95
177 11
41 108
128 152
98 142
112 118
84 109
121 175
115 143
174 137
68 99
113 96
7 29
115 48
117 166
155 157
122 141
52 127
39 66
29 113
45 153
188 108
16 105
40 182
83 140
191 64
187 170
151 129
96 162
100 199
68 160
155 53
20 31
149 180
132 161
58 81
11 108
13 36
145 103
26 192
145 44
161 8
175 16
117 119
162 45
195 103
70 43
200 41
4 50
146 131
44 4
181 147
166 169
173 162
85 90
123 72
132 137
141 109
193 80
135 21
58 43
77 157
14 164
40 51
145 65
57 168
132 43
183 94
136 95
57 26
48 99
80 23
89 19
156 32
130 183
74 91
18 85
100 139
124 13
162 177
51 178
12 65
16 5
3 39
43 160
1 88
101 79
95 18
184 186
3 138
42 189
177 138
182 133
19 195
89 145
90 65
74 122
149 10
81 178
92 171
137 103
188 102
45 167
13 182
85 144
195 123
158 28
171 24
151 24
88 70
25 66
60 44
77 62
141 140
35 16
140 168
175 64
5 190
110 101
69 10
54 129
155 188
66 19
55 131
92 110
74 135
140 115
123 63
161 68
157 102
28 46
17 166
163 121
163 132
50 20
86 85
138 12
142 149
36 9
78 29
102 4
171 178
91 176
71 17
69 29
94 73
42 130
109 1
24 54
138 196
39 115
63 34
179 24
57 144
3 58
8 88
114 121
102 47
156 67
151 21
173 96
112 84
190 163
141 195
173 180
24 187
84 188
33 59
154 63
31 140
86 131
178 12
2 170
84 6
121 94
198 102
164 34
196 170
50 89
193 101
62 149
18 24
161 101
49 162
84 161
84 183
37 116
182 163
162 145
93 39
193 113
158 36
5 10
130 173
27 108
57 39
173 55
147 110
29 200
130 166
83 168
92 27
56 182
72 96
8 35
130 99
114 24
112 152
169 124
68 76
140 198
96 137
71 64
44 62
37 197
88 7
7 34
18 44
166 117
38 165
41 124
70 119
188 44
126 110
146 144
96 72
76 106
4 172
110 79
177 111
15 109
150 179
179 129
152 103
99 66
123 130
124 78
198 166
88 111
124 111
190 2
85 39
196 55
119 114
27 164
80 6
187 173
46 12
35 164
47 116
185 59
105 131
122 68
91 47
148 138
183 117
166 85
114 85
13 82
69 95
136 8
194 98
36 50
110 69
106 147
117 127
149 185
4 90
143 165
51 189
127 156
13 71
192 22
16 71
111 37
58 92
38 3
186 140
165 25
155 96
127 101
68 10
67 143
173 146
20 82
95 31
127 123
39 157
192 44
144 101
93 158
104 38
174 144
113 133
181 30
36 61
127 33
91 3
179 157
14 118
5 126
78 17
90 64
73 57
100 114
112 186
59 183
145 76
168 169
184 21
77 149
100 99
12 99
134 165
55 163
141 53
177 39
114 70
84 46
142 133
118 185
64 181
185 173
190 115
34 113
159 129
116 124
126 120
87 173
49 60
70 164
151 87
151 56
177 43
65 152
143 59
101 40
162 105
20 122
110 181
91 117
27 57
144 187
124 60
10 85
177 17
142 156
151 172
79 3
83 39
50 6
5 96
129 21
28 95
23 124
103 67
167 62
91 64
70 148
179 183
129 70
67 64
33 123
183 113
79 52
93 6
97 152
37 170
72 74
140 179
157 109
169 17
194 142
22 148
64 151
7 134
84 142
68 169
159 198
1 11
181 136
14 69
54 165
174 140
60 29
153 182
73 68
117 169
153 28
183 57
89 175
128 50
188 26
132 46
156 165
50 74
27 147
102 138
189 116
66 46
84 142
40 13
172 183
167 70
114 121
77 175
150 50
80 52
26 85
147 171
187 138
41 14
14 158
90 128
137 155
193 195
131 170
90 81
22 133
65 58
107 189
79 147
10 39
98 57
40 174
48 92
30 10
171 163
83 1
92 128
141 89
131 34
162 170
199 74
87 193
52 69
67 61
46 158
186 63
94 169
145 150
118 13
115 24
158 34
18 109
36 184
43 31
65 17
103 88
162 157
56 189
54 56
121 97
135 187
34 150
18 36
152 185
72 148
28 109
35 6
186 200
43 142
136 35
64 138
135 121
118 177
149 186
94 192
14 109
20 58
116 182
153 147
44 169
36 54
178 126
37 90
167 154
124 142
159 27
96 126
22 193
129 107
41 40
22 4
58 154
142 28
72 48
78 71
179 200
99 72
42 173
80 94
177 80
40 3
119 156
168 24
100 179
118 147
61 71
59 182
68 164
130 65
8 109
57 154
58 36
29 170
172 6
182 15
75 169
188 91
186 112
184 186
37 18
121 100
46 115
94 15
24 145
95 155
17 100
26 102
29 199
166 61
124 148
40 193
154 51
150 126
86 73
167 37
121 47
125 22
144 22
87 29
27 193
134 115
100 7
83 167
144 139
179 166
50 175
59 54
198 3
55 16
111 72
117 140
158 25
58 116
2 146
128 6
54 33
101 25
138 22
37 44
106 41
110 161
30 96
140 60
93 189
83 149
12 67
131 182
179 51
136 45
51 102
187 163
82 55
59 8
27 141
165 84
142 96
153 169
118 190
45 41
31 180
90 111
169 160
173 86
93 12
162 18
123 79
11 21
160 124
138 159
19 5
197 97
23 84
152 71
6 18
163 100
171 56
58 45
19 47
174 32
100 167
69 156
170 44
143 142
94 6
4 15
192 147
118 95
129 75
112 87
162 55
133 184
73 168
123 131
66 72
106 196
63 43
80 113
98 62
72 29
88 119
163 75
186 191
113 131
149 114
79 157
129 79
35 142
147 195
118 29
122 92
99 165
156 12
115 158
183 124
148 163
137 122
149 182
83 40
96 28
130 191
185 169
101 29
156 12
172 174
59 145
45 66
23 162
19 36
79 146
181 117
137 159
104 194
150 4
11 191
57 122
131 55
175 196
81 90
114 77
48 23
5 7
153 64
128 105
148 189
153 44
100 84
46 101
63 127
64 195
145 12
196 51
113 121
28 13
86 68
77 61
43 169
41 182
173 58
90 81
76 173
117 185
107 96
114 185
73 124
31 138
189 57
6 63
22 122
40 126
102 110
107 157
18 139
158 161
22 9
144 136
123 104
52 5
59 177
200 184
50 40
198 158
163 39
20 124
54 84
186 172
50 39
87 185
106 132
67 84
12 22
147 160
142 17
91 84
24 177
86 119
118 139
35 52
120 142
163 162
107 167
193 52
59 45
32 59
179 73
107 113
37 109
142 184
198 110
44 1
102 10
120 189
81 54
40 89
13 123
31 96
92 22
94 79
18 85
133 37
34 85
87 144
48 133
135 152
85 16
148 173
7 90
188 184
11 16
176 179
74 53
84 69
41 108
44 175
110 176
11 108
143 99
26 164
179 27
18 141
143 170
30 76
183 80
119 11
173 130
12 188
138 62
153 18
164 100
4 21
62 69
172 139
107 162
200 46
169 172
145 139
1 61
21 79
100 23
86 6
9 17
194 32
101 165
5 137
173 187
61 153
138 182
88 188
173 59
24 103
114 51
105 111
22 193
4 13
42 48
4 54
120 139
161 187
74 22
198 161
73 65
60 143
128 47
38 111
167 4
5 182
166 84
76 128
117 200
182 35
139 87
123 143
116 58
143 9
152 121
113 152
105 147
143 168
137 148
157 168
55 30
41 155
185 117
130 143
30 89
174 170
194 63
49 116
103 17
197 134
133 138
109 192
7 198
7 184
171 16
111 122
147 82
159 67
155 192
96 125
158 156
49 122
87 11
34 127
166 156
179 126
62 155
104 64
3 144
13 68
73 33
145 176
71 42
67 85
93 148
28 97
163 45
125 110
27 36
68 183
191 104
122 114
168 25
125 81
5 102
182 162
44 130
147 72
2 58
95 57
83 99
145 103
31 112
55 127
111 50
29 9
4 58
160 93
62 83
19 133
57 89
1 188
162 189
59 117
125 118
11 99
114 73
184 25
34 159
179 74
21 31
22 12
104 186
23 10
64 18
26 122
167 117
178 56
31 153
146 163
190 55
2 44
142 198
162 166
194 26
101 181
89 93
107 135
135 176
37 145
127 172
27 133
113 184
69 159
7 185
34 108
103 79
99 100
82 55
19 93
151 169
160 193
143 7
182 29
35 19
139 131
29 78
12 59
23 161
124 103
52 145
110 194
139 20
116 154
36 71
128 114
121 93
57 200
200 196
139 179
60 80
166 121
79 155
34 110
76 195
80 162
111 117
77 14
32 77
12 172
81 113
186 177
83 150
11 104
90 5
9 161
199 49
139 57
110 60
163 129
141 85
183 196
108 110
166 119
141 83
84 66
189 39
84 9
39 184
112 22
86 94
104 38
93 54
193 168
15 39
104 190
148 197
72 47
79 9
141 83
182 42
64 88
49 51
191 97
197 117
31 148
195 90
157 62
28 77
152 35
153 80
114 144
136 138
52 154
58 173
174 147
30 34
168 119
189 87
16 65
24 26
34 129
143 136
139 73
135 110
173 135
26 6
137 100
5 33
138 83
72 17
13 100
194 36
78 176
86 136
179 137
105 129
126 156
90 153
66 167
63 76
40 115
31 135
124 127
40 130
68 7
107 103
8 45
199 67
184 26
162 157
13 193
49 42
117 51
172 126
191 33
146 86
16 175
66 74
138 10
171 25
131 69
93 180
8 34
36 9
105 9
3 60
149 178
94 123
36 15
188 59
6 161
135 32
192 3
199 10
149 82
70 1
59 47
190 22
81 193
132 91
13 66
176 184
130 174
124 34
125 155
10 71
178 85
92 108
99 56
139 148
126 118
62 183
137 182
18 79
62 121
2 165
144 147
43 170
82 185
57 150
60 141
51 200
61 192
99 48
182 84
121 99
123 60
105 20
169 199
78 73
21 153
102 72
122 143
28 200
70 4
143 184
16 121
145 183
48 60
31 73
195 150
82 10
123 36
167 150
47 9
126 159
61 81
102 175
59 32
120 167
42 169
20 133
181 7
103 88
108 53
141 92
7 53
195 32
108 94
23 131
35 197
169 107
194 111
31 57
145 26
93 123
48 138
21 41
88 153
179 182
178 55
176 68
87 38
104 32
165 158
108 13
38 58
180 69
33 26
116 15
86 89
7 115
28 57
123 190
20 103
190 90
1 104
125 115
76 179
77 173
77 110
59 46
91 186
130 97
163 193
159 71
12 115
71 78
91 191
83 80
164 92
83 56
192 150
94 4
95 90
19 10
174 151
1 43
133 51
40 8
199 134
72 196
81 180
77 7
74 145
137 8
98 4
164 6
104 25
195 189
157 49
96 117
20 24
199 29
193 130
178 169
114 73
44 127
117 180
181 89
147 74
52 19
96 80
167 96
168 103
124 45
63 7
69 82
79 41
76 54
108 29
34 124
14 11
76 2
36 56
177 79
112 176
150 32
120 168
178 139
66 167
58 160
133 114
119 171
78 57
112 193
78 146
25 101
89 121
38 197
3 157
109 169
194 117
97 164
123 79
99 142
184 189
138 128
22 20
107 128
155 119
112 85
105 179
36 176
113 175
87 78
3 76
193 94
133 95
28 97
176 15
132 51
128 70
117 34
99 3
92 141
146 192
58 118
46 119
182 6
153 159
107 93
188 156
58 21
89 20
126 59
67 163
79 12
39 37
7 28
95 38
176 62
190 195
144 99
194 168
28 177
124 145
49 108
173 92
28 144
92 68
112 189
3 84
112 156
90 35
175 127
39 156
142 188
153 185
192 152
30 136
178 98
64 188
63 108
135 15
190 63
43 154
192 2
12 141
33 153
183 192
49 75
78 133
176 185
22 84
100 71
124 117
34 197
38 91
61 93
19 111
163 194
166 127
90 87
15 73
70 96
76 125
167 81
76 20
92 88
1 181
166 96
27 150
136 72
200 19
135 18
118 9
103 160
158 180
22 94
128 172
153 99
177 58
20 9
110 155
171 38
67 33
95 68
119 190
26 69
97 160
98 12
183 10
74 23
78 182
144 16
44 101
135 168
83 154
1 14
9 133
1 200
45 19
134 39
175 193
192 29
82 194
99 83
135 188
3 17
130 54
185 45
80 175
58 124
68 3
198 126
113 154
195 83
137 23
107 115
184 136
50 43
102 145
104 92
71 136
121 191
48 175
91 180
64 15
141 173
142 99
109 138
191 147
87 56
95 15
197 65
126 62
123 183
172 161
116 93
161 40
160 146
182 1
193 118
107 3
105 75
196 123
50 159
120 158
17 39
89 33
175 27
71 176
114 193
168 54
167 61
91 52
190 50
43 137
175 50
79 166
145 191
39 197
37 61
131 176
161 2
67 24
160 78
1 151
149 198
41 50
81 128
15 56
132 171
116 170
151 19
8 14
175 152
166 84
147 9
82 14
141 22
139 43
164 199
107 72
41 37
95 153
111 130
164 33
23 85
42 170
17 142
156 34
11 197
178 160
129 190
33 106
140 77
125 129
135 163
69 114
153 98
97 155
81 13
58 155
71 59
88 65
183 123
200 134
19 66
169 107
112 157
4 152
109 114
154 176
20 187
70 49
86 106
15 154
15 162
59 52
184 28
149 94
165 128
150 33
75 101
37 76
81 109
57 158
125 192
108 174
141 102
38 148
67 15
188 109
46 92
84 124
196 198
78 119
39 60
8 132
1 119
61 168
126 112
38 94
167 3
18 166
81 93
36 117
105 27
21 54
41 4
8 99
57 144
39 69
21 36
138 22
5 94
74 48
30 170
183 33
84 124
19 102
176 134
126 114
31 169
155 139
38 68
163 92
199 179
186 38
90 81
52 14
23 59
155 176
106 130
59 48
151 132
122 196
45 32
150 194
51 125
9 73
171 157
169 136
103 26
2 161
186 25
71 192
186 189
117 136
93 106
103 153
41 176
61 21
185 177
166 161
120 183
106 63
68 169
59 90
149 8
194 156
63 26
67 28
190 142
4 14
13 64
93 167
123 7
143 146
52 131
96 89
62 105
98 165
115 146
49 145
81 23
121 47
116 197
69 125
71 189
54 123
164 23
61 65
24 64
190 171
33 98
44 157
20 103
7 79
112 187
82 13
45 170
119 21
14 156
149 84
67 97
36 69
192 104
200 6
139 180
95 59
80 96
84 46
65 123
172 123
175 32
96 77
34 16
2 27
88 111
195 143
158 140
197 182
8 56
116 141
155 25
155 171
86 90
187 31
124 199
10 23
41 149
172 137
190 55
36 134
102 8
118 52
98 64
104 175
48 133
158 121
73 61
164 122
180 15
50 131
11 76
114 13
82 83
62 191
17 29
196 16
10 146
150 83
193 146
92 124
2 191
34 65
79 172
78 146
120 114
150 70
2 178
38 40
200 43
153 194
130 81
169 43
136 117
183 114
82 10
28 68
17 83
177 83
178 116
31 198
32 6
132 36
161 128
84 86
97 63
143 196
63 176
197 87
95 57
199 63
126 49
45 55
76 19
47 128
168 2
179 176
1 97
65 137
10 106
78 96
39 159
112 121
82 2
22 61
36 55
68 33
69 66
47 194
72 154
85 19
176 18
46 180
145 42
4 163
145 68
126 31
105 71
197 15
29 111
45 42
52 35
100 35
53 139
175 83
104 178
183 49
125 79
27 116
41 122
186 89
108 183
69 39
137 15
44 131
121 17
168 13
46 148
12 120
121 103
198 42
198 84
52 179
3 101
111 123
189 130
59 61
178 82
99 89
10 76
190 76
175 168
133 153
129 181
176 59
4 15
112 150
67 53
95 99
155 34
98 187
118 140
23 183
176 103
4 98
161 120
22 89
145 172
20 177
127 144
79 198
143 194
28 111
58 19
65 156
125 149
46 151
50 118
170 142
59 161
168 125
5 132
99 83
42 9
1 15
61 184
165 9
72 30
43 20
174 81
19 178
169 54
44 68
71 188
23 161
95 21
192 75
41 58
154 32
91 28
95 34
54 16
76 73
52 137
186 34
20 191
95 149
35 20
77 189
7 25
115 39
141 79
136 161
52 198
85 16
111 76
104 122
109 163
120 80
117 24
68 36
95 14
93 14
115 73
112 93
126 23
129 190
44 91
200 178
117 21
117 76
108 141
35 195
95 199
156 159
122 188
175 26
120 68
138 92
190 171
196 105
104 133
90 83
62 103
192 42
172 192
139 159
10 194
134 177
171 50
121 69
189 82
65 106
67 129
25 177
56 5
66 172
147 118
58 3
125 48
53 181
70 154
165 199
63 93
118 127
65 91
58 136
177 43
149 158
88 4
34 198
123 59
168 142
17 165
147 13
81 159
92 168
30 84
153 37
49 142
128 86
94 7
199 90
176 42
48 154
174 46
29 175
3 1
20 137
53 35
72 134
159 193
64 40
98 103
50 12
85 117
170 166
172 117
169 184
89 194
65 145
37 56
21 36
132 40
95 55
155 42
23 188
105 17
145 159
82 53
116 97
104 56
93 158
97 105
163 136
194 131
118 138
162 81
112 171
32 154
47 8
81 106
125 113
108 145
39 78
7 112
73 149
162 110
98 168
122 133
96 62
137 106
41 118
187 43
42 45
69 63
156 160
3 129
6 103
30 136
116 67
121 27
124 75
57 72
182 26
6 154
111 9
150 151
95 114
25 30
127 135
122 130
93 55
29 80
168 119
157 51
11 141
76 200
86 14
198 10
73 66
108 193
6 63
102 42
5 55
112 138
45 172
133 147
2 15
59 120
142 28
41 95
1 93
191 6
180 144
164 43
182 40
44 59
46 166
13 140
183 158
197 10
2 59
128 191
22 148
106 147
123 168
9 92
99 43
1 15
150 25
166 171
182 114
62 70
20 153
102 129
49 92
140 163
192 54
180 87
54 4
14 75
187 140
183 156
63 23
51 6
6 71
73 89
45 82
196 19
42 46
159 50
119 169
11 169
173 85
94 98
147 63
47 156
163 143
139 183
180 59
53 137
11 35
115 65
6 53
82 48
12 163
97 31
158 51
8 7
165 187
63 200
64 60
95 114
18 194
187 115
53 121
49 50
138 97
149 12
89 39
18 124
41 115
135 82
139 18
188 89
79 131
38 200
69 86
80 110
186 140
134 147
41 154
179 133
101 54
190 12
190 83
92 20
40 142
41 59
196 128
96 183
145 153
183 155
164 106
7 148
34 112
97 24
171 93
136 34
155 175
171 134
157 60
79 147
19 8
172 74
99 73
123 111
50 10
176 2
188 16
14 122
179 71
44 135
61 161
131 62
168 68
92 153
144 155
116 25
58 117
31 184
76 128
85 9
134 84
42 80
4 25
67 50
123 163
17 134
13 47
164 95
197 163
109 148
52 114
112 198
61 44
55 119
193 92
150 86
55 46
16 139
17 29
178 107
157 127
63 44
162 68
96 12
103 118
109 14
171 183
169 181
89 74
193 127
92 190
13 43
72 12
184 44
3 141
119 71
110 74
116 95
57 192
146 180
118 191
172 22
67 167
187 130
81 158
75 161
11 26
199 133
176 48
64 49
136 70
126 47
45 125
73 154
48 157
62 169
97 115
26 194
138 176
26 133
34 36
50 7
51 184
139 142
198 199
132 191
92 126
176 55
115 164
122 44
88 100
56 54
154 121
104 101
118 106
8 47
137 50
84 172
141 175
50 133
72 165
37 7
174 58
25 65
137 150
77 153
118 167
143 197
17 74
23 164
110 129
195 85
34 37
169 183
144 189
41 66
160 44
30 145
135 12
148 9
13 18
59 148
105 151
90 167
167 172
111 157
8 4
6 114
26 156
40 178
123 187
147 115
56 104
165 73
186 133
185 17
33 164
192 141
72 172
169 59
178 35
169 110
120 103
165 33
188 89
139 7
104 37
77 160
137 127
143 51
85 75
199 73
196 149
37 55
38 9
82 47
177 23
188 108
31 22
37 36
138 69
189 169
140 183
58 26
114 101
113 53
62 71
200 181
102 93
7 161
188 6
147 79
90 86
157 70
36 115
142 13
136 32
168 21
31 125
136 186
91 113
164 85
115 69
113 40
200 123
72 125
66 27
128 26
53 42
93 4
43 147
127 113
12 139
48 78
142 112
67 115
186 154
46 12
114 94
6 53
141 163
100 18
38 43
106 73
164 90
169 3
21 133
87 163
91 69
3 44
92 179
149 172
11 6
74 54
64 23
84 190
136 44
110 133
162 88
163 68
3 13
115 117
69 174
111 72
78 28
191 32
144 126
124 143
13 128
39 135
118 35
156 45
192 197
80 46
172 188
180 110
179 128
106 32
100 3
156 4
62 137
161 23
94 17
180 97
11 110
62 64
106 148
172 90
96 71
62 167
15 153
166 179
21 9
22 193
14 42
133 119
159 136
6 127
35 189
146 86
107 192
128 68
60 139
91 198
137 17
75 59
175 67
46 84
23 191
13 8
51 111
151 39
67 180
6 111
159 96
28 147
190 31
198 6
70 45
90 57
109 191
156 7
173 176
13 11
107 194
163 62
166 89
32 153
99 56
32 90
2 130
110 166
83 105
178 184
16 149
9 196
147 132
44 150
82 59
162 155
38 62
137 55
150 1
14 57
158 2
8 173
20 136
122 116
131 11
199 187
76 148
60 148
98 180
167 111
190 164
66 190
197 123
88 143
18 170
47 62
59 120
164 20
147 74
9 40
29 144
122 14
112 116
38 178
185 147
8 137
142 123
81 5
193 130
159 21
104 196
2 138
137 198
73 6
104 154
175 95
79 192
199 29
165 152
165 154
119 79
104 65
20 178
95 5
117 9
105 160
1 120
196 26
64 118
186 120
196 127
38 182
58 72
198 60
70 32
46 77
140 54
114 91
167 125
114 169
197 39
166 30
46 6
73 7
185 56
68 111
70 119
86 22
99 106
127 144
29 123
110 176
78 94
13 112
40 56
125 176
7 145
124 107
129 179
62 159
62 129
11 71
56 134
96 124
196 141
121 192
138 6
94 91
108 27
66 150
199 140
97 144
47 72
132 48
64 132
59 25
167 169
75 193
109 132
44 131
62 133
150 63
191 111
2 138
58 164
3 84
173 53
50 9
124 57
145 131
132 86
73 131
52 72
165 21
99 115
173 200
84 62
34 139
87 60
129 175
179 82
4 9
129 197
141 187
49 1
187 40
49 17
130 151
81 183
135 96
26 14
39 188
114 182
41 9
166 200
147 11
120 85
179 195
189 62
61 183
169 71
45 181
20 196
12 97
154 46
187 193
142 105
191 126
78 198
190 41
75 110
18 60
65 193
57 46
113 120
26 42
118 138
163 33
98 161
122 128
44 172
79 21
156 193
138 192
134 116
68 126
179 45
5 48
108 102
144 57
115 16
8 64
97 79
149 156
95 187
36 134
73 182
6 84
39 167
145 71
44 171
84 8
140 103
129 139
138 108
32 48
83 162
49 91
15 199
149 175
129 31
175 91
67 22
76 41
87 166
6 164
66 78
36 84
32 68
127 162
117 89
153 83
179 1
47 14
10 7
194 89
86 3
61 199
189 104
1 12
129 132
51 149
19 157
191 136
26 179
154 150
68 53
77 13
92 134
35 131
165 157
93 102
14 124
16 31
155 170
28 33
95 18
88 188
156 148
24 136
89 51
136 72
102 128
71 111
65 14
55 109
150 92
190 29
74 65
2 171
1 189
143 157
74 28
182 167
25 79
113 188
192 13
38 121
101 115
59 12
133 46
141 42
144 159
88 200
43 100
22 143
59 189
195 184
83 145
29 9
160 178
38 169
93 2
77 154
180 16
8 48
112 67
130 26
21 41
12 38
72 182
37 173
155 49
25 118
76 109
59 179
189 196
141 110
134 181
165 25
16 15
107 154
34 76
21 13
82 38
44 40
19 100
16 141
82 87
64 157
114 42
55 95
95 58
138 154
91 68
88 168
121 182
98 192
54 5
83 69
173 196
68 26
93 108
193 130
155 139
154 142
50 2
79 111
72 199
83 152
112 29
56 149
30 40
108 85
58 59
20 123
143 85
155 20
47 10
94 96
190 52
91 116
106 140
104 128
182 5
133 179
40 94
23 153
29 58
150 122
27 92
76 185
149 174
140 57
108 89
25 129
164 20
97 113
3 179
68 190
126 91
99 22
72 3
132 124
161 141
75 90
82 186
63 49
88 102
80 106
199 46
177 143
200 26
69 36
186 113
70 105
3 59
22 188
51 84
150 134
92 52
36 164
27 23
64 143
36 194
116 93
76 190
50 122
50 129
27 78
7 199
185 180
167 65
91 191
5 182
6 138
88 23
61 34
124 164
130 160
130 32
118 32
161 134
89 21
184 97
122 12
94 61
45 155
42 173
15 34
183 138
83 138
61 145
8 135
27 90
65 198
67 65
19 123
191 20
72 171
10 77
21 160
118 12
136 176
35 11
96 41
5 64
67 130
151 120
95 151
176 135
120 143
113 174
50 78
155 138
184 26
171 145
34 13
86 35
101 66
111 8
125 137
170 79
13 180
88 97
71 5
34 108
168 40
34 166
4 5
160 27
43 79
146 196
134 4
110 150
166 39
172 11
173 12
38 86
41 154
195 142
197 79
178 93
160 12
90 185
125 94
172 86
81 58
156 170
123 8
10 172
94 53
56 88
41 143
125 6
159 126
104 44
156 148
96 185
40 143
192 185
36 90
1 96
171 116
98 7
120 151
136 171
99 125
35 174
91 56
18 200
64 180
87 143
114 141
101 137
67 34
166 195
134 11
98 131
40 166
24 53
59 44
161 55
92 153
105 52
174 25
111 29
137 19
112 166
178 23
139 108
150 59
7 39
8 81
73 71
128 64
153 18
105 195
87 62
46 91
5 142
138 128
67 101
144 8
109 93
179 5
19 79
133 7
138 35
109 31
161 176
28 131
13 157
182 64
137 127
8 81
100 111
153 157
143 77
30 2
188 46
84 59
175 105
45 144
199 26
168 54
153 80
125 14
160 182
95 11
12 16
19 126
63 3
57 165
44 163
144 127
198 177
138 200
158 153
35 192
31 79
142 95
11 97
164 139
68 120
5 121
109 198
97 171
157 13
52 172
141 88
5 35
170 160
161 179
156 151
23 80
26 80
129 153
128 49
95 13
147 142
185 128
1 55
36 5
5 189
98 47
65 108
136 128
129 9
167 10
52 128
164 42
15 33
127 199
49 60
121 7
141 42
146 99
75 34
113 79
196 186
82 142
65 123
184 111
80 141
6 36
144 187
147 177
155 198
73 156
45 143
161 37
66 166
129 132
31 115
159 167
85 48
131 102
23 56
115 30
25 132
104 117
20 177
158 125
11 119
34 194
145 59
147 161
92 94
66 194
190 69
155 46
117 58
199 21
162 13
62 69
105 76
183 141
15 141
38 121
96 135
56 66
143 106
141 57
66 79
96 11
131 52
179 33
96 27
185 178
142 155
28 72
96 141
179 176
138 100
63 62
197 87
80 115
73 156
156 43
97 11
66 138
71 89
37 12
159 150
109 136
79 156
172 97
13 109
199 70
31 15
54 14
23 30
93 35
128 125
109 39
105 156
75 112
3 119
90 27
46 161
28 97
51 117
11 31
127 15
39 91
170 26
158 129
150 86
19 150
69 56
60 121
143 58
23 182
16 189
62 40
144 177
100 118
182 61
156 4
84 129
118 59
13 56
47 20
40 68
191 62
85 105
69 189
168 28
197 51
84 184
15 137
8 179
184 71
16 122
185 68
65 32
150 65
115 194
8 197
58 120
19 152
104 152
199 168
79 60
3 110
37 27
35 83
31 197
66 162
77 3
49 4
17 193
148 17
118 92
22 126
150 126
1 19
189 143
172 78
161 20
109 82
124 166
39 112
168 164
49 140
115 124
135 33
15 175
32 20
158 147
97 40
127 63
165 140
6 14
147 8
197 107
47 137
92 75
27 23
189 185
113 86
126 195
14 95
24 63
175 138
103 135
141 146
108 78
49 190
117 56
72 148
37 79
162 58
118 151
21 196
163 108
66 154
63 122
97 116
117 114
57 44
97 93
32 38
132 26
121 142
27 50
153 97
46 86
40 59
171 8
32 27
199 27
170 78
57 143
102 152
74 194
78 169
183 75
69 102
167 151
113 170
127 17
126 138
187 131
13 82
14 36
167 75
126 88
119 87
86 159
157 175
184 110
185 127
143 47
30 42
8 71
93 25
130 79
29 155
73 8
28 174
37 10
102 4
111 27
57 19
167 158
172 108
131 53
107 130
101 171
113 85
144 3
133 91
3 142
150 84
187 113
112 18
62 131
177 54
145 1
33 37
21 121
179 131
32 194
187 143
38 74
18 29
195 6
61 179
171 18
112 67
98 135
73 8
187 102
188 42
46 67
92 15
16 74
124 105
31 197
154 179
135 138
122 118
169 109
157 65
17 4
35 20
90 115
187 5
24 79
99 67
11 75
185 168
16 72
119 141
20 55
55 143
62 134
171 31
174 102
192 127
141 116
174 163
27 26
84 95
122 106
148 160
44 5
18 198
45 168
173 75
97 102
54 73
185 188
16 183
66 25
92 2
111 28
13 63
72 116
77 136
36 186
27 198
174 198
70 152
92 30
7 27
20 100
188 102
150 5
189 139
128 196
88 69
198 76
60 134
120 166
134 57
56 64
54 81
62 11
22 83
71 68
92 161
140 156
18 170
130 155
189 179
7 148
141 126
3 87
102 9
98 94
104 25
51 53
7 55
145 163
175 89
100 18
32 52
98 124
40 184
120 104
167 31
191 200
108 188
109 76
79 173
48 69
183 55
27 71
77 193
127 146
126 149
140 23
77 22
106 53
44 158
67 85
83 123
97 179
44 3
181 71
141 128
90 134
43 161
49 127
42 89
90 186
147 113
7 182
12 15
21 26
113 165
109 79
71 73
165 57
31 85
41 39
153 19
118 77
85 159
175 200
101 149
82 148
21 149
79 17
147 85
194 127
21 103
39 65
77 135
132 76
54 21
159 53
184 163
179 140
78 69
148 188
2 99
128 141
54 168
176 20
92 3
186 57
142 48
164 197
167 196
63 158
184 31
114 97
153 27
64 126
166 158
34 168
174 97
23 2
23 32
135 163
75 4
171 147
43 122
186 77
59 183
22 162
66 119
17 20
116 13
169 32
118 119
151 148
95 67
112 185
50 190
168 29
103 61
112 62
101 106
3 178
151 143
39 140
80 156
5 73
90 145
150 175
173 105
10 93
39 151
2 186
164 10
114 178
60 72
122 155
50 39
143 200
65 39
180 65
83 73
181 21
20 35
112 184
172 124
171 159
123 77
73 7
51 167
79 39
125 84
130 181
82 97
90 24
32 118
188 91
12 9
14 28
119 75
52 169
14 48
136 100
191 193
60 42
59 81
142 69
89 55
87 194
44 155
108 140
128 191
73 87
7 60
17 117
86 24
12 62
149 126
191 141
142 139
125 93
187 106
66 138
139 56
87 14
85 93
101 82
39 175
170 171
45 179
126 186
32 103
105 19
192 147
124 170
35 156
100 109
177 96
120 2
74 63
126 31
137 100
28 125
187 177
96 37
140 129
155 28
134 157
145 24
176 125
137 91
122 164
133 31
106 51
126 68
42 92
54 95
156 158
137 50
9 1
198 87
91 34
137 162
148 82
112 196
140 184
102 30
144 30
98 172
49 137
4 15
73 127
143 57
110 106
179 190
180 9
89 104
32 101
137 151
170 12
173 50
24 74
20 73
154 23
175 122
72 49
149 174
42 177
37 87
83 170
152 10
72 119
23 154
83 30
125 64
57 123
118 87
196 159
96 190
10 115
27 153
17 1
163 110
126 131
43 11
134 71
12 40
71 74
171 142
119 143
166 55
52 182
41 45
80 109
85 92
75 15
174 152
31 114
72 178
40 131
152 39
136 164
41 9
177 27
78 16
52 186
23 89
112 172
103 147
182 150
102 60
152 157
184 42
138 120
11 53
113 132
88 99
174 142
109 50
137 54
39 4
6 193
112 117
117 116
94 12
45 107
43 129
16 56
25 156
145 23
65 25
111 22
19 121
142 194
156 176
137 93
82 157
154 53
199 172
156 103
103 87
122 39
48 179
138 27
199 173
24 110
162 10
188 84
54 132
149 107
145 88
117 100
195 104
94 28
53 51
147 39
78 98
82 122
25 120
148 146
143 96
98 87
178 154
151 27
163 145
115 58
114 26
187 141
29 94
64 138
161 153
167 27
141 128
189 61
62 104
81 25
134 22
14 41
122 3
52 192
36 99
87 167
99 35
91 13
182 79
176 111
128 180
182 34
15 130
136 37
34 190
108 191
112 173
18 82
165 14
136 199
113 156
37 191
71 91
53 97
53 98
57 172
74 34
104 176
14 82
125 37
42 111
16 33
28 27
110 141
14 152
23 162
138 51
73 31
179 75
24 31
47 7
19 153
110 92
25 129
20 19
159 30
146 52
97 149
198 3
57 3
169 25
46 15
176 196
71 180
148 71
93 51
56 61
5 170
104 120
164 1
34 126
21 192
57 176
136 147
17 47
48 31
150 106
43 154
65 6
127 82
106 30
139 7
53 162
199 87
128 62
104 15
5 29
133 58
171 96
145 120
68 122
186 88
72 34
174 96
194 111
170 51
168 108
45 100
166 189
12 16
77 164
41 174
48 4
38 54
167 103
152 141
61 165
108 183
7 135
182 1
180 134
104 50
35 182
27 169
42 37
183 121
115 142
140 110
66 19
84 156
38 54
99 64
186 12
33 25
120 15
188 14
66 104
34 144
145 71
41 100
72 175
7 191
18 156
198 172
24 13
87 31
187 59
3 24
173 103
82 138
145 166
41 115
178 170
169 145
37 141
126 58
57 137
136 79
25 188
93 124
52 100
148 194
35 71
85 195
89 163
5 94
131 100
76 57
108 182
32 179
34 142
123 136
153 96
60 137
136 135
55 153
177 60
177 175
52 100
103 124
166 188
22 39
42 191
103 108
130 85
200 192
18 28
177 193
191 14
66 159
50 36
83 121
59 139
190 46
138 119
55 119
125 185
152 40
126 164
91 98
52 129
95 163
58 35
78 66
115 74
85 23
130 155
164 143
52 40
37 29
58 129
182 143
11 177
151 72
135 134
185 89
67 3
10 7
140 105
107 173
110 120
100 150
167 51
10 163
178 2
75 83
173 170
132 107
135 108
184 169
198 127
33 184
11 55
195 105
104 184
118 89
117 88
32 129
73 39
97 55
106 99
66 145
127 124
127 109
1 73
14 69
194 93
65 191
7 29
93 43
97 90
17 113
86 147
123 126
129 190
24 127
95 101
161 170
94 67
192 83
86 87
161 171
103 196
131 87
197 130
24 50
63 181
13 177
8 130
126 97
167 90
99 82
143 133
37 77
115 7
82 174
61 33
30 102
37 139
59 97
80 179
179 122
9 44
155 168
111 196
40 121
148 128
114 192
14 86
138 72
39 64
107 145
59 194
34 52
96 2
68 105
194 156
43 194
193 104
180 181
33 110
171 12
133 146
59 169
41 174
119 4
170 196
117 94
21 118
39 124
16 14
120 106
49 113
110 195
116 182
92 22
160 129
52 170
135 141
6 115
178 197
142 137
177 135
21 44
113 186
168 19
73 19
111 132
59 168
122 28
189 168
141 124
102 64
84 13
79 169
105 139
94 57
173 75
11 103
75 178
44 90
187 90
152 168
37 194
51 177
170 169
34 122
32 141
36 148
54 31
8 56
199 11
22 39
169 77
26 71
18 172
97 72
34 122
25 14
90 98
2 52
38 155
8 3
34 154
145 128
174 198
52 32
198 14
83 90
104 187
144 55
1 166
129 193
120 115
195 105
23 33
84 167
8 120
84 65
149 19
150 109
161 115
140 195
192 158
73 133
110 24
180 117
145 5
189 89
99 158
116 48
51 185
151 161
36 135
194 70
23 52
172 104
176 147
192 194
40 32
69 123
6 37
24 4
124 115
191 11
23 134
191 176
45 170
137 103
162 122
52 5
149 162
70 157
134 101
196 92
80 134
89 102
53 129
155 9
51 4
69 85
128 113
21 152
152 109
191 116
167 183
8 145
150 197
183 106
191 29
128 175
108 123
163 82
155 53
99 177
129 15
139 89
128 38
4 86
168 92
148 106
194 70
107 70
28 91
131 1
132 41
65 194
71 37
140 48
36 95
172 30
84 101
164 19
28 43
44 177
80 70
159 58
67 148
158 184
93 32
146 52
137 122
155 123
102 94
155 171
117 92
158 24
126 182
108 102
92 146
53 136
127 105
144 30
47 69
65 53
9 82
176 160
156 83
128 21
54 147
5 41
138 61
181 89
124 85
134 179
98 169
191 141
78 74
198 23
9 113
18 200
108 111
109 4
173 137
161 85
94 192
158 175
167 31
97 82
118 61
121 5
50 40
88 166
90 97
113 197
192 31
172 132
141 112
71 122
74 98
146 43
110 130
120 7
94 73
160 104
30 11
89 49
50 85
196 10
77 156
92 168
71 61
185 105
125 41
164 15
187 87
27 147
24 145
34 101
64 119
199 156
182 129
57 134
66 140
144 151
102 51
135 7
86 141
19 64
137 190
132 106
96 110
127 147
199 105
168 52
70 151
134 128
149 45
118 197
150 59
138 64
8 124
146 33
129 170
91 158
181 174
138 101
97 90
181 186
200 153
38 61
152 144
182 137
133 34
59 88
138 83
38 188
118 143
81 163
105 113
36 52
75 39
101 152
116 171
153 77
45 87
24 131
19 100
86 176
101 34
90 25
88 4
3 86
42 125
154 145
163 125
93 181
126 183
35 81
44 151
187 28
88 53
117 175
48 73
49 127
49 12
111 64
190 154
107 94
173 65
175 16
86 11
42 41
31 113
37 128
39 92
183 192
129 192
149 159
136 180
161 122
10 107
132 26
43 91
1 44
55 36
112 158
83 32
130 121
40 10
8 127
57 73
58 79
71 98
95 22
13 28
159 24
189 36
29 56
32 123
163 96
64 81
14 139
8 61
136 73
170 3
58 149
133 143
53 177
17 105
73 56
128 99
122 166
111 156
23 21
67 95
118 161
185 11
165 111
36 5
132 36
65 33
77 168
146 117
115 165
132 93
62 35
21 182
192 169
174 194
135 86
124 19
136 88
98 86
163 62
36 153
128 185
140 3
65 118
67 8
51 112
181 111
14 158
169 39
25 127
75 153
93 106
116 149
140 118
193 61
194 104
170 82
139 192
198 179
172 142
116 55
194 149
106 177
187 89
184 105
121 156
124 12
24 93
142 111
121 30
189 84
57 95
126 56
67 90
143 88
173 152
75 53
146 102
190 81
101 42
84 60
157 156
150 178
70 2
64 15
50 195
46 11
138 99
79 94
81 48
192 143
68 25
194 191
31 22
54 156
135 109
147 198
66 162
177 18
69 11
104 125
175 83
21 134
13 55
199 32
21 139
160 96
112 196
154 164
181 60
184 33
112 184
123 8
36 185
102 74
108 88
122 185
4 200
71 98
8 98
167 24
6 40
182 57
176 6
56 100
141 68
55 126
130 128
53 9
112 55
19 147
155 76
151 38
184 21
12 199
119 190
80 184
172 152
193 28
179 16
193 39
116 164
39 34
125 58
50 167
91 93
45 193
139 126
83 99
97 67
119 17
78 169
157 59
111 152
177 55
171 47
131 69
141 71
57 70
119 192
119 192
83 54
194 63
18 44
173 124
100 24
48 5
9 95
57 125
48 19
147 105
82 11
23 165
125 35
48 96
192 178
94 22
108 177
170 79
33 100
58 152
171 112
91 65
17 197
181 166
38 103
121 172
69 200
108 191
62 196
133 193
33 114
95 3
50 8
118 185
180 151
141 149
69 136
152 175
147 48
93 29
167 56
65 21
107 83
44 42
194 59
124 122
171 12
175 178
130 61
90 154
121 103
53 33
65 103
4 97
101 195
197 115
94 166
161 60
50 51
43 159
105 40
93 196
118 198
115 110
145 61
161 38
62 126
92 3
47 192
144 126
65 45
69 143
168 178
89 15
190 110
59 8
145 177
110 164
109 68
46 171
94 78
74 192
160 32
24 120
34 137
78 156
39 49
25 68
75 88
186 191
157 127
95 138
127 173
91 23
119 68
193 181
25 83
52 120
118 66
21 6
30 116
79 192
167 88
195 78
55 171
80 32
34 170
189 2
98 144
181 146
71 108
45 186
35 161
58 86
110 129
119 134
123 52
24 16
35 68
51 171
120 106
195 159
155 175
107 51
157 119
131 137
150 6
148 30
79 152
51 137
93 20
106 51
45 35
152 196
119 77
113 104
88 192
39 122
108 143
13 179
37 190
77 10
190 12
76 72
39 111
39 94
110 27
91 187
93 8
165 139
38 83
180 166
14 164
25 150
35 31
154 171
74 185
119 105
104 135
173 57
164 146
189 169
112 162
20 173
146 30
73 22
149 6
132 60
138 155
131 35
136 112
153 114
120 25
53 60
188 184
123 200
138 54
3 11
113 156
125 152
32 75
64 59
11 133
119 64
56 163
148 121
136 125
41 144
130 68
71 184
193 170
90 111
57 118
183 83
122 134
154 69
162 143
67 1
96 42
88 52
97 170
48 148
179 115
24 18
57 105
86 101
183 88
68 177
180 92
67 186
191 133
195 58
62 39
64 171
15 43
138 60
108 120
121 177
36 35
144 1
32 42
45 78
84 13
70 186
90 158
191 173
164 177
89 169
176 123
38 4
179 147
125 26
121 148
34 20
122 21
167 76
112 145
168 14
68 137
187 170
181 128
161 95
88 29
106 186
186 159
169 68
117 28
46 139
34 77
57 74
171 105
147 8
52 4
200 181
165 131
5 193
72 28
30 145
115 169
52 127
145 177
98 71
50 23
41 28
187 183
82 137
29 178
188 142
174 139
168 113
37 43
153 123
137 38
108 199
84 157
15 78
61 56
147 65
175 84
78 85
111 169
107 100
155 35
75 62
74 9
18 174
105 124
147 97
140 199
66 9
116 145
48 84
187 179
162 88
46 5
22 160
23 49
32 16
71 62
77 68
38 16
72 199
76 53
63 89
146 152
186 40
70 153
9 70
175 142
2 36
161 97
88 44
1 68
125 116
23 82
160 169
104 99
6 171
194 70
137 122
131 33
195 69
117 172
128 34
26 57
159 145
17 158
194 115
98 24
43 113
111 61
122 25
156 154
52 180
139 102
46 166
192 129
121 177
9 174
102 150
180 31
38 148
122 6
25 141
133 11
43 76
80 7
179 170
110 189
166 164
104 7
112 21
81 119
100 90
9 160
184 162
46 74
200 9
91 21
86 125
152 187
165 31
2 17
102 38
58 102
134 121
141 7
96 179
52 114
31 6
75 56
104 74
69 32
112 1
153 189
106 197
49 174
101 144
12 43
179 167
102 133
188 166
100 114
36 114
15 135
40 25
98 50
129 124
21 10
90 167
35 56
129 153
9 113
170 192
101 100
32 197
8 47
142 92
104 58
62 64
59 38
93 141
6 131
184 32
51 199
5 109
56 176
20 117
177 176
4 163
98 64
82 168
200 160
113 158
84 87
70 93
37 174
138 130
87 16
98 26
66 36
42 44
183 33
28 129
192 150
81 49
42 53
173 133
189 154
194 96
174 73
68 191
153 159
147 135
171 97
141 168
33 35
149 153
165 2
151 15
195 158
133 139
45 111
14 194
123 137
195 83
191 148
91 182
133 83
63 28
29 50
172 82
172 38
67 150
184 17
168 72
150 24
46 11
122 44
169 106
136 183
164 92
194 144
13 148
112 52
48 198
60 181
42 92
24 120
53 69
70 134
50 9
41 88
8 124
193 198
110 99
112 45
17 142
50 89
132 114
97 115
162 107
36 62
48 150
70 58
187 39
20 182
109 19
19 174
125 45
138 47
78 163
100 155
83 53
181 2
139 44
137 99
36 19
67 23
173 194
66 117
174 13
81 115
197 177
44 131
198 135
154 98
87 135
72 8
92 138
145 2
124 88
133 150
8 39
173 63
147 31
13 171
114 123
116 131
102 176
43 97
179 165
124 59
14 164
53 108
132 17
186 26
65 195
1 188
100 22
42 103
185 114
184 120
116 170
185 187
102 44
59 114
159 156
123 58
123 158
155 83
48 140
60 39
67 43
96 94
142 62
39 131
145 173
52 29
85 175
24 145
87 113
191 73
115 86
90 156
163 136
168 128
189 119
54 2
169 159
62 89
171 151
146 188
57 161
85 157
136 174
148 20
92 75
44 126
97 13
79 124
129 23
158 24
125 176
160 82
196 132
85 67
153 93
113 191
16 162
57 30
90 154
195 152
199 110
92 147
58 161
133 116
13 31
57 79
64 13
140 19
146 194
10 81
160 78
60 115
159 10
152 103
76 133
28 7
135 198
30 182
13 39
141 63
54 50
79 176
138 12
14 73
95 177
32 98
79 166
143 112
71 197
58 184
72 200
112 52
68 110
158 70
109 73
64 50
194 110
59 40
64 77
167 71
3 75
132 172
37 34
74 109
171 59
79 31
149 22
114 86
74 40
115 102
73 136
62 21
173 90
195 95
38 116
105 6
161 101
130 76
32 84
10 183
125 176
144 172
146 64
161 41
104 101
173 179
165 119
38 97
133 40
167 17
5 149
45 71
107 67
14 141
36 21
73 133
116 132
68 65
25 23
170 123
156 99
153 21
178 192
41 118
163 142
98 70
142 13
120 195
50 161
83 81
165 52
68 110
108 124
34 41
27 87
181 131
129 79
139 168
8 9
78 123
95 7
63 178
152 108
48 43
186 167
159 170
146 187
166 185
83 131
96 4
56 186
41 125
133 34
122 86
85 154
13 29
40 110
123 97
43 12
116 37
65 83
126 38
5 102
132 135
135 82
64 106
119 80
121 22
25 178
159 123
162 77
47 188
26 195
85 171
171 52
116 193
101 176
135 200
120 18
89 13
118 178
52 125
177 145
114 57
136 125
129 162
173 81
110 196
5 181
25 162
114 156
125 167
26 147
